11.97816 -0.4739291 -0.9832699
11.67064 -0.3043372 -0.9698499
12.66581 -0.2272681 -1.078779
11.87619 -0.322189 -1.287476
11.63244 -0.2589425 -1.018175
0.7654041 -0.113836 -2.54433
12.93808 -0.1497469 -1.360474
1.58555 -0.2102787 -1.596765
-1.053039 -0.1617172 -1.700966
4.242317 -0.1384542 -1.580898
-2.351387 -0.06077471 -3.730683
14.13294 -0.1391666 -1.753833
12.68229 -0.3269421 -1.025363
10.33371 -0.09214586 -1.422592
12.06991 -0.09974863 -1.237604
12.71224 -0.2747123 -0.9400446
-0.7316643 -0.2814027 -1.164547
11.51931 -0.2019833 -1.313609
13.21015 -0.29925 -1.077105
-1.536375 -0.007141195 -2.852564
-0.07808191 -0.1578625 -1.561645
-0.8783327 -0.3035735 -1.4516
-13.14942 -0.6372216 -1.56992
9.704875 -0.4474718 -0.7976703
-0.8545469 -0.3645842 -1.594738
-0.5835938 -0.04075589 -3.6396
0.6489313 -0.02500111 -1.549984
6.234493 -0.2342488 -1.238859
11.81725 -0.03811218 -1.462336
11.87157 -0.3195391 -1.029917
12.27987 -0.1825772 -1.608888
0.5498232 -0.1722002 -1.606334
-0.5735159 -0.2973939 -22.36766
12.72631 -0.1186448 -1.516905
3.511774 -0.04626483 -1.240503
-0.2040127 -0.2602315 -1.715983
-2.31819 0.001522706 -5.206072
1.009504 0.1028968 -18.13357
14.034 -0.2948234 -0.913302
10.82935 -0.1919211 -1.092447
0.8699781 -0.05578853 -1.988046
2.696512 -0.1356856 -1.221275
-0.04729634 -0.390333 -22.95598
10.27728 -0.1841524 -1.180256
-1.038577 -0.4186703 -1.200304
11.44364 -0.02562179 -1.365234
0.143879 -0.190613 -1.517595
-2.307646 -0.07127609 -4.9823
1.261195 -0.02007882 -1.482761
12.9721 -0.1865587 -1.091825
0.9697495 -0.08009713 -1.507706
-1.115834 -0.2148991 -2.399
-1.217963 -0.09963586 -1.491262
1.639527 -0.1232442 -1.320627
-0.5409314 -0.191612 -1.376937
-2.799027 -0.2257515 -3.754103
-0.6838869 -0.2509301 -1.750425
1.272786 0.105718 -3.098245
-2.212391 -0.1676857 -3.087889
10.77718 -0.1783659 -1.136415
0.9716941 -0.1766976 -0.9519976
13.28263 -0.08248096 -2.397455
11.40156 -0.2845906 -1.237188
-1.100632 -0.09782142 -2.828172
-1.487933 -0.1573387 -1.537182
-2.510874 -0.1799735 -22.47997
11.77919 -0.3124295 -1.137349
1.001795 0.1093801 -2.291593
-0.7194555 -0.3163677 -1.550149
0.2128949 -0.1405639 -1.526088
2.827845 -0.05608123 -1.417649
13.09551 0.05062457 -2.053875
-2.152698 -0.09916695 -3.528019
-1.118553 -0.2749347 -1.307824
-1.282252 -0.1147159 -56.31
-2.045441 0.02863308 -3.344093
12.28069 0.09890476 -2.116882
-1.981449 -0.4375892 -23.44639
-1.023323 -0.3438221 -1.704002
0.4545654 -0.1825664 -1.511444
2.215674 -0.1193204 -1.372055
-1.193407 -1.501346 -20.2935
1.907188 0.132828 -178.1021
7.798379 -0.3258282 -1.211832
0.4020629 -0.1269164 -1.600638
1.175708 0.1189764 -2.26264
10.71633 -0.1401031 -22.99711
0.3639711 -0.04388908 -2.029432
-2.565544 -0.2020398 -3.027031
0.2323335 -0.0883948 -21.44099
11.65136 -0.1133985 -1.113534
1.905079 -0.1772487 -1.307143
0.4447292 -0.20099 -1.313749
-1.238808 -0.4388837 -1.508355
1.760264 -0.2829438 -1.523545
13.03632 -0.164575 -1.208629
14.61461 0.1723171 -2.92594
0.7219346 -0.1311883 -1.535487
12.47205 -0.05050668 -1.651854
-3.057958 -0.09470921 -3.09246
-0.7744372 -0.215198 -2.77163
-10.43793 -0.2518708 -2.827111
-0.4621976 -0.2693029 -1.491333
1.034899 -0.131141 -2.914569
14.00934 -0.3666455 -0.8021506
1.155373 -0.08108925 -1.495951
0.1973723 -0.2013483 -1.682541
-0.9096248 -0.2453767 -1.588464
0.3433903 -0.2005803 -1.605738
13.39817 -0.03738757 -1.746453
1.085423 -0.1484175 -1.397877
11.42184 -0.06053062 -1.319108
11.14277 -0.2697903 -0.9570768
11.52738 0.2174481 -4.212675
9.987646 -0.3523204 -1.00096
1.861542 -0.2629589 -1.0086
-1.229172 -0.0282208 -18.09957
14.1766 -0.08587683 -1.476532
-0.7786728 -0.02783255 -1.785402
8.446116 -0.0452588 -21.95076
-0.9113229 0.07596015 -5.375692
13.99768 -0.2582231 -0.9432342
12.27754 -0.1971598 -0.9965344
-0.7216204 -0.2544947 -1.275091
10.31178 -0.3463491 -0.8893673
-0.1333858 0.1787565 -5.822566
0.2141618 -0.3053771 -1.619255
-0.5312145 0.09725904 -3.134434
-37.29087 -0.1523928 -24.08325
1.702317 -0.1015521 -1.406983
1.943766 0.2454626 -4.033089
0.7022487 0.04475048 -4.354788
-2.18854 -0.02448961 -2.915235
-0.9585487 0.04021342 -17.3304
0.5277268 0.06428846 -27.42795
-1.180256 -0.4960053 -1.33121
-0.1592112 -0.08572976 -1.699148
1.429321 0.02656256 -1.724457
0.08523355 -0.7782052 -20.70547
0.1261997 0.1905879 -5.213942
13.11215 0.05282457 -20.05886
-1.533898 0.01600936 -3.194765
2.157455 0.1485289 -5.340827
11.72172 0.006496338 -1.576052
-2.105891 -0.1160323 -18.9403
-1.052217 -0.3459259 -1.594687
-1.453956 -0.1960171 -1.890155
14.53444 -0.1224055 -1.42886
15.92886 -0.0338547 -1.418908
1.538735 -0.2080391 -1.221931
12.38284 -0.2525567 -1.080899
2.55396 -0.2570065 -1.011085
-0.0275489 -0.5453244 -1.43798
-3.060276 -0.4392586 -1.753781
11.981 -0.06201139 -1.551043
