11.72283 15.23899 11.90358
NA 2.467432 15.19895
12.2199 NA 12.12342
8.974468 13.48218 NA
13.96627 15.67111 12.61153
12.12979 10.5525 11.88925
13.91289 14.17408 -1.255366
1.183361 -10.10776 0.2772586
10.50965 13.50166 11.97483
NA 0.3934792 1.866152
4.641357 1.534158 -1.141161
-0.9892327 NA NA
0.3981203 10.56751 11.72503
12.03492 -4.207865 -1.41865
-3.238244 -2.150495 12.87323
13.50097 12.67419 12.81721
11.75793 10.87356 13.58841
16.00416 11.46411 10.88515
0.4211604 10.84564 13.12227
13.70957 0.7582067 11.70173
14.79615 13.49587 0.6880082
11.1576 -0.3484434 -1.498695
NA NA 4.302951
1.576786 12.88483 12.54352
11.94472 12.70071 13.7278
10.82922 -1.9784 -12.11616
-0.7512245 -1.531948 0.8660093
-0.5955447 -0.6104083 NA
-1.590128 -0.01276691 1.506368
-0.9837712 -3.314143 -13.19845
-12.63073 -15.50263 13.00499
13.47972 11.2939 3.745475
-1.518834 0.1363665 -0.4600533
-2.479454 -0.9625381 -0.9151418
-0.8809383 1.22262 -0.4641772
0.9687097 1.492028 12.53165
11.48072 1.161373 9.062293
13.63973 1.699335 15.83595
15.44042 -0.7385569 10.66542
12.19636 7.985566 11.51377
14.35123 11.91506 1.59508
0.2674516 11.69959 -0.1360464
1.395034 -1.209294 -4.241655
-1.342284 0.3054706 1.740813
-0.5103471 13.02868 13.47506
12.93083 9.589596 12.82165
-0.1838155 3.169454 -1.389811
-0.6202919 -0.5864351 2.867268
-1.557641 -13.97506 -2.17459
-24.96139 10.42432 0.9036334
-14.09852 0.6549282 3.369263
3.030082 8.79192 10.11022
11.7653 9.904131 12.45983
2.081068 1.139031 -12.32135
-0.3296813 10.57138 1.087791
0.8948696 14.23953 10.66883
0.7948619 -15.05852 NA
NA 10.71815 10.64755
15.08621 0.5903982 -0.1792736
-0.04843965 -2.161358 -0.7863533
10.56655 13.06254 9.99294
8.023204 -14.47164 0.2542679
-0.9301297 -0.3646409 -2.040304
-2.589543 -2.82086 -1.474022
0.761024 1.825705 1.355932
1.319008 11.40143 1.624801
12.08846 11.49135 -1.260313
0.8601891 0.3637013 4.717544
-1.575967 -0.8582947 -1.650593
0.05067232 -1.567355 -1.1224
-0.5999881 -19.3284 1.060754
15.01701 14.16244 0.6551532
-0.9934876 15.36259 -0.6364764
-1.093288 -10.09332 -9.103602
-2.243977 -1.793546 -3.744516
0.8462592 -0.5899609 -3.590542
1.548396 8.878679 0.2619509
-14.40335 -3.835751 -1.043924
-12.08588 -0.6986058 1.66449
3.043556 12.4845 11.65911
0.2967406 12.59255 0.2500903
1.351364 0.4353857 15.57474
13.41439 10.95687 11.0178
11.57446 15.89037 11.72635
-0.08338118 -1.12688 -1.732077
8.773276 -1.445679 -1.480052
NA NA -2.112915
-2.347568 -3.407387 -31.14676
12.46068 13.14912 10.18655
13.12321 3.223483 1.243616
0.3274863 1.309853 -2.203157
-1.61152 -0.1936442 0.5692539
0.02999822 0.8348209 -0.407189
1.479012 11.99147 1.823978
0.793325 7.941986 13.26706
2.624642 12.61587 11.25425
-2.050377 -1.922451 -2.095932
-10.23846 -0.8123293 -1.294654
-1.46606 11.12916 -2.258016
-0.4240368 -1.50345 0.003823803
-13.64474 -0.8919469 -1.826919
-1.72763 2.40284 10.01847
12.64248 13.61937 -1.411358
-1.881593 -2.400671 -2.011403
-0.8589767 -2.216415 NA
NA 0.5364864 11.50168
-1.128596 13.09434 12.09177
1.625257 0.003307431 1.278848
12.04505 39.31224 -1.287985
-0.03690138 16.89106 1.282038
13.02221 8.473901 11.2871
1.292216 0.4784421 11.40429
11.27271 1.100666 -0.4256942
0.1032528 13.83859 11.40209
-1.267503 0.8874735 12.76247
-0.622556 11.14345 14.62846
1.971767 1.666088 -1.177348
0.1449881 -1.676141 -12.21376
-0.9096782 -15.23802 -1.822456
1.585091 28.32942 -0.6079021
11.76971 15.85776 13.24733
12.08078 0.5941002 10.74129
0.9407615 15.5901 0.01583981
14.521 -0.08635405 0.2620037
-1.755388 -2.33486 -1.287434
11.11248 0.9963913 10.74687
-0.8550036 0.414626 12.72179
13.97965 8.700879 15.83561
2.39072 11.73092 15.19875
7.159651 -1.168568 12.21813
-1.054454 13.15228 13.03921
12.50923 10.61241 2.864594
-3.051558 -3.096074 NA
NA -2.595474 0.2062644
-2.129159 0.3930193 -16.33529
-10.44706 -17.85862 -1.754889
-0.6913449 -0.3098291 NA
NA -0.09769768 2.488148
-15.1275 -14.53488 4.339448
11.30654 11.69378 13.06693
-0.7622748 0.464994 8.945528
13.66799 -1.314584 -1.3717
1.059633 13.50246 -0.9950152
-1.179269 -0.6919706 -0.5129852
0.554492 0.1367965 NA
NA 13.84432 11.78748
0.8716937 1.494279 1.233186
-0.1505879 1.705489 4.966393
11.14348 12.54639 11.88712
4.113436 14.84884 15.16346
1.275417 3.461849 9.977617
11.34041 -0.1382498 16.76061
13.98093 12.55346 12.88608
12.79373 -0.3796989 0.8497588
11.98642 2.503073 -1.43474
-1.146444 -2.184529 -0.6730834
11.15858 4.824393 12.34654
14.18474 -0.103767 0.07745294
-1.412101 -2.071623 -1.227297
15.76908 -0.536186 8.984324
-0.9099103 -1.107101 -1.058169
1.315061 11.47895 16.15053
16.29428 14.8879 10.25623
12.75164 12.1938 11.60651
-2.348504 0.4603673 -1.06134
1.696127 3.359257 11.657
NA NA 1.717005
-2.179127 -11.9394 0.5681192
0.5289341 -0.5087135 NA
NA 10.80697 -14.37214
1.120095 -1.297397 -2.430213
-1.025397 -3.026985 13.17251
12.16324 10.48953 0.54528
0.9488026 0.3193949 11.08959
0.6144468 13.64036 0.7529389
0.1222444 13.69775 0.6699421
-0.9351285 -11.59672 -2.433886
-10.26567 -1.88299 34.18875
-0.9786268 0.5914657 -0.6237091
26.76959 -0.3541306 10.35841
-1.679089 -0.6688653 -0.9082049
-1.529253 -1.071298 2.965302
-1.477212 -0.7636577 0.8659785
0.7556816 8.206514 3.223523
-0.08390904 10.49798 -1.238369
26.71211 0.06908909 0.2905332
11.44942 0.986974 13.52029
13.13173 0.5805495 -1.261864
-1.625111 -17.50117 -1.272043
-0.9157157 2.740602 10.78231
2.027944 -0.3238897 11.61804
1.270137 NA NA
-1.829608 -13.52057 0.2908184
-1.864774 -0.6706428 -3.097611
NA NA -1.853802
-15.15094 NA NA
11.15957 13.78523 13.76124
11.94094 11.12433 14.02833
18.23824 12.52012 11.45671
10.52404 0.5558861 0.2006265
2.774352 10.61833 13.20139
15.14446 7.369632 1.968889
NA NA -1.373395
2.503698 -1.29131 0.7985743
-2.052917 -2.151147 -12.5503
-15.1413 11.50117 11.06205
NA NA -0.4526111
-0.4817189 -0.491967 NA
-0.3312967 -0.5401695 -0.361942
NA -0.1654634 -0.3025629
-0.4376535 NA -0.334833
-0.4718611 -0.4456714 -0.4575389
-0.4036429 -0.311699 -0.3329828
-0.2268054 -0.07744943 -0.01926435
-0.6122552 -0.3602921 -0.2673287
-0.09749964 -0.3770935 NA
-0.2897265 -0.3899889 -0.06003667
-0.1369365 -0.204058 -0.1834275
NA NA -0.13151
-0.3873265 -0.2443598 -0.1398749
-0.4383801 -0.4924735 -0.5358244
-0.09201285 -0.3673892 -0.3967845
-0.3594606 -0.4772054 -0.4431074
-0.502135 -0.2895294 -0.5443275
-0.06971475 -0.2392837 -0.2034909
-0.07033484 -0.08828496 -0.3909896
-0.3122639 -0.175934 -0.3219282
-0.2964986 -0.2560741 -0.4468551
-0.2817221 -0.3576798 NA
NA -0.4501427 -0.2643724
-0.2360178 -0.2499943 -0.3856559
-0.2764549 -0.2917926 -0.5662677
-0.2254867 0.07599875 -0.1573726
-0.1633534 -0.1739226 -0.1974666
-0.2179503 NA -0.255119
-0.3970185 -0.5335279 -0.3410754
-0.7125686 -0.544593 -0.7708175
-0.5565685 -0.4655401 -0.4836368
-0.4370293 -0.4712035 -0.6183183
-0.3172572 -0.3706701 -0.450641
-0.326871 -0.2725684 -0.4128841
-0.4086105 -0.1074343 -0.06655184
-0.04297577 -0.2271653 -0.2504582
-0.4284506 -0.3182674 -0.3881734
-0.3196874 -0.1697472 -0.3442886
-0.02587259 -0.3865047 -0.300606
-0.3340996 -0.5117059 -0.1085457
-0.4206809 -0.2176313 -0.4657194
-0.1659103 -0.2354036 -0.1580411
-0.1790497 -0.2230806 -0.7723523
-0.2446012 -0.2527817 -0.3106542
-0.1391575 -0.3419084 -0.3480162
-0.07275343 -0.04813212 -0.01526114
-0.2961781 -0.4397747 -0.4617168
-0.2774136 -0.1583971 -0.353256
-0.3600144 -0.3551537 0.024279
-0.1744026 -0.1214769 0.05447988
0.05419854 -0.3728522 -0.2857208
-0.4134557 -0.3250011 -0.2785698
-0.1981767 -0.2838555 -0.2136062
-0.1083837 -0.3879828 0.03124644
-0.4353352 -0.1391756 -0.1581801
-0.1695869 -0.1190837 -0.344357
-0.7063303 NA NA
-0.3416635 -0.5736779 -0.3169457
-0.2180046 -0.3706652 -0.5106692
-0.5121414 -0.3902278 -0.2005056
-0.4024916 0.05193746 -0.4724745
-0.1831136 -0.2876634 -0.3922213
-0.3239811 -0.05344249 -0.9585709
-0.5713063 -0.5877654 -0.2101121
-0.05470739 -0.1753086 -0.101563
-0.197966 -0.3664404 -0.3361464
-0.1345021 -0.1891335 -0.1056952
-0.2508104 -0.1366033 -0.1799156
-0.3141938 -0.757824 -0.4123054
-0.1323714 -0.08984266 -0.1493176
-0.2209476 -0.1035406 -0.1802858
-0.1567915 -0.1747151 -0.2841793
-0.2915433 -0.246913 -0.3520626
-0.8145525 -0.739234 -1.109073
-0.2646327 -0.5298949 -0.1822536
-0.1540851 -0.1599329 -0.08562739
-0.02951676 -0.1261703 -0.04970047
-0.6644339 -0.004069518 -0.7345179
-0.1940163 -0.1896219 -0.2893289
-0.3442618 -0.4362703 -0.3206498
-0.24093 -0.2043956 -0.2488187
-0.8640004 -0.2060405 -0.6094772
-0.4458401 -0.3460281 -0.2920494
-0.3846291 -0.4006501 -0.1649067
-0.2180985 -0.3664871 -0.4009028
-0.2548509 -0.220729 NA
NA -0.7992522 -0.8062769
-0.5894133 -0.3570052 -0.3068309
-0.4148559 -0.3620687 -0.415082
-0.1879675 0.03706919 -0.07684246
-0.2045571 -0.4344289 -0.3856857
-0.3529026 -0.446486 -0.2973138
-0.1106482 -0.3545278 -0.2372071
-0.1562632 -0.1642739 -0.09473857
-0.349682 -0.2299421 -0.03582418
-0.110466 -0.5525531 -0.3837727
-0.1359776 -0.0732662 -0.7057588
-0.3853139 -0.2112147 -0.3026801
-0.2706645 -0.7200255 -0.4733827
-0.2617438 -0.2587212 0.02451472
-0.3129115 -0.22783 -0.08746443
-0.2942946 -0.3895334 -0.2551181
0.1553112 -0.2156359 -0.2081988
-0.2242289 -0.8114803 -0.2536668
-0.5534386 NA NA
-0.2319969 -0.338412 -0.1599677
-0.3062397 -0.1942909 -0.1652345
-0.1321832 -0.1659735 -1.12311
-2.156984 -0.1950909 -0.2648772
-0.1287873 -0.2168449 -0.1597265
-0.2718417 -0.3456972 -0.3335933
-0.4550332 -0.3247592 -0.1458505
-0.4092042 -0.3155169 -0.1833875
-0.2959822 -0.06671901 -0.1553518
0.1103291 -0.2254071 -0.5914382
0.1404916 -0.1747296 -0.02960247
-0.2688204 -0.2580983 -0.1793412
-0.208315 -0.1789021 -0.6222132
-0.4595201 -0.278014 -0.3990632
-0.1663117 -0.3491781 -0.1734168
-0.1945777 -0.3607515 -0.439938
-0.3334795 -0.2976727 -0.2032649
-0.4010639 -0.3355624 -0.4085383
-0.16997 -0.3500686 -0.619471
-0.6749009 -0.4526433 -0.1529564
-0.273065 -0.2833389 -0.4636899
-0.3607205 -0.2443951 -0.1948528
-0.1642143 -0.1537164 -0.2622336
-0.2810221 0.2414505 -0.2677516
-0.3587285 -0.2898802 -0.07106577
-0.3040761 -0.5001555 -0.3878705
-0.1705185 -0.1898198 -0.4688965
-0.02413023 NA NA
-0.9161066 -0.3020146 -0.3173702
-0.1753967 -0.7454061 -0.7872539
-0.2155469 -0.575251 -0.3303018
-0.3612515 NA NA
-0.3054186 -0.2889046 -0.3982872
-0.3273173 -0.2750452 -0.4836199
-0.5871393 -0.485889 -0.1977629
-0.0375566 -0.2724505 -0.160751
-0.3656884 -0.3364028 -0.2511669
-0.3342329 -0.2527249 -0.3202174
-0.2750032 -0.3455423 -0.180053
-0.2883724 NA NA
-0.2480487 -0.279217 -0.1252045
-0.00998889 -0.2946435 -0.3748046
-0.1031786 -0.3072224 -0.466314
-0.2284679 -0.08372663 -0.02074655
-0.5498387 -0.6380691 -0.2321717
-0.3496787 -0.2283288 -0.2301101
-0.1023031 0.2334254 -0.2575768
-0.3839861 -0.4098835 -0.4112442
-0.4617155 -0.202419 -0.3048051
-0.2877261 -0.1732064 -0.2401172
-0.4420428 -0.4228172 -0.09255475
-0.2966383 -0.2481634 -0.2358537
-0.2823836 -0.3285411 -0.1868717
-0.0621271 0.05135121 -0.3969403
-0.1487265 -0.2049919 -0.05974653
0.03218636 -0.2679758 -0.173848
-0.2751089 -0.2932242 -0.2695812
-0.3200451 -0.4783488 -0.4312122
-0.2827867 -0.3430257 -0.2482123
-0.5392691 -0.2367868 -0.2809543
-0.4147506 -0.2789282 NA
NA -0.449135 -0.3794659
-0.2585079 0.2258101 -0.3229801
-0.2931383 NA NA
-0.2875324 -0.06350225 -0.2268094
-0.2456494 -0.6429003 -0.1913435
-0.248031 -0.4571033 -0.2052668
-0.1233432 -0.1112798 -0.1693769
-0.1926324 -0.09612919 -0.01402489
0.2706824 -0.144862 -0.2473898
-0.2541317 -0.1706225 0.0478895
-0.1640979 -0.1278539 -0.1105565
-0.07062483 -0.02754823 -0.2820174
-0.1502899 -0.4337537 -0.07964653
-0.2019743 -0.2631166 -0.6439215
-0.637648 -0.4372142 -0.6458197
-0.2859421 -0.3244644 -0.1998876
-0.01331458 0.03242184 -0.06440087
-0.1491574 -0.315417 -0.3530101
-0.03931616 -0.2399665 -1.480432
-0.2768534 0.1908822 -0.3558147
-0.3666445 -0.3739367 -0.4701484
-0.4094743 -0.2394254 -0.3423102
0.01564084 -0.08685099 -0.4212681
-0.2456954 -0.07148139 -0.2240258
0.07294793 -0.2339778 0.003851734
NA NA -0.2581602
-0.3895915 -0.37864 -0.5664984
-0.23387 -0.4639775 NA
NA -0.1530021 -0.2450922
NA NA -0.2789691
-0.1092897 -0.3479402 -0.4586946
-0.2230607 -0.3045691 0.0006077804
-0.2243392 -0.3296104 -0.2677602
-0.2497983 -0.3804942 -0.2282382
-0.3562385 -0.3656806 -0.3379709
-0.2761498 -0.2745197 NA
NA -0.6296608 -0.5168994
-0.5889638 -0.7495521 -0.5158641
-0.3250103 -0.7150392 -0.6144764
-0.2581497 -0.07424622 NA
NA -0.9700149 -0.9854627
-0.9887003 NA -0.8050219
-0.8234292 -0.9842357 NA
-1.121046 -0.9627094 -0.9313152
NA -1.324721 -1.050584
-1.239235 -1.055665 -0.8889216
-1.01523 -0.8648925 -1.056913
-2.755473 -2.716553 -1.628093
-1.517237 -1.214531 -1.416572
-1.049215 NA -1.49964
-1.60954 -1.496926 -1.538707
-1.507726 -1.74483 NA
NA -1.581677 -1.025754
-1.628511 -1.429982 -1.530769
-1.426575 -1.548723 -4.547872
-1.793268 -1.10595 -1.031954
-1.01024 -0.9555647 -0.8238904
-1.055944 -0.898975 -1.398361
-1.290519 -1.099171 -1.512837
-1.290136 -0.9599163 -0.8486132
-1.072593 -0.8880548 -0.9737153
-0.9080068 -0.7962851 -1.028206
-1.183661 NA NA
-1.093725 -1.009407 -1.222483
-1.349512 -0.9704539 -1.081756
-1.103956 -0.8832873 -1.141256
-3.274729 -2.001412 -2.847167
-1.616787 -1.47366 -1.350254
NA -1.491929 -1.376008
-1.059018 -1.487945 -1.524583
-1.592365 -1.554495 -1.57637
-0.7875558 -0.8090955 -0.7942184
-0.7557333 -1.422351 -1.211115
-1.635722 -1.593355 -1.695737
-3.780996 -1.153907 -1.188446
-1.301338 -1.385782 -1.675097
-1.087559 -1.17795 -0.8576285
-1.27636 -1.067549 -0.9533236
-1.152455 -0.9864994 -1.543854
-0.9382428 -1.077371 -0.9806781
-0.9096135 -1.508846 -0.7924074
-1.634541 -1.536227 -1.47485
-1.534478 -1.634706 -1.713787
-24.6123 -21.49979 -1.598905
-1.129927 -1.550291 -1.354735
-0.99848 -0.9165053 -1.197432
-1.163762 -1.30368 -0.9258247
-1.531221 -1.725389 -1.533591
-1.280321 -1.712355 -1.617756
-1.908031 -17.79199 -1.321
-20.62406 -2.104712 -1.963042
-0.9264311 -0.9238189 -0.8054573
-0.7920561 -0.9749953 -1.121624
-1.07833 -0.9041064 -1.776101
-1.927423 -1.932396 -0.7234777
-1.203159 -1.252814 -1.155174
-1.20481 -1.066067 -31.53128
NA NA -0.9328539
-0.7930323 -0.9835698 -1.218739
-1.186691 -1.081672 -1.202764
-1.224344 -1.149299 -0.9279409
-1.466822 -0.601049 -1.213877
-1.045586 -1.540447 -1.340119
-18.3853 -1.4369 -1.479117
-1.323327 -1.094441 -1.543963
-1.068174 -1.241304 -1.06398
-0.962952 -0.9201144 -1.129261
-1.576882 -1.295734 -1.055984
-1.293341 -2.581291 -1.651752
-1.660045 -1.730066 -1.57595
-1.154943 -1.46193 -1.262818
-1.391886 -1.151821 -1.290953
-1.234263 -0.9813734 -1.31237
-1.109057 -1.410111 -1.468594
-1.550548 -1.466998 -4.242117
-1.654352 -1.686285 -1.634256
-1.860334 -1.507924 -1.49873
-1.560463 -3.735332 -1.635933
-3.646669 -1.604447 -3.02226
-1.193949 -0.9270646 -0.9141291
-0.877469 -0.8086252 -0.8563241
-0.9808213 -0.8291532 -1.852392
-1.245606 -0.7274841 -0.8720968
-1.280186 -1.181251 -1.122791
-1.021542 -1.762192 -3.004083
-1.569331 -1.735521 -1.156171
-1.572851 NA NA
-1.522451 -1.625522 -1.392541
-23.23244 -1.18216 -1.052715
-1.071723 -0.9857373 -1.19452
-2.469487 -1.320341 -1.021985
-1.585953 -1.508109 -1.421318
-1.079524 -1.256285 -1.599228
-1.175316 -1.331533 -1.040372
-1.095816 -1.472281 -1.047132
-1.108946 -2.178714 -1.351099
-0.7933818 -1.593408 -2.650691
-4.408116 -1.622198 -1.22586
-1.344684 -1.25641 -1.324767
-1.45742 -1.309613 -21.45702
-18.0333 -4.227134 -1.764814
-1.752605 -1.647384 -1.093341
-0.95766 -1.07387 -2.377086
-3.922666 -4.093498 -22.16368
-20.34953 -1.719977 -1.651336
NA NA -1.270789
-1.558172 -1.278621 -1.250389
-1.112818 -1.367674 -1.438023
-1.22358 -29.15867 -23.18042
-1.811408 -1.899466 -22.1841
-0.9357039 -1.320543 -1.076099
-1.161536 -1.153512 -1.228968
-1.095813 -1.633987 -1.056362
-1.111826 -1.663643 -0.8878707
-1.113983 -1.628145 -2.487818
-1.317685 -20.18248 -27.41711
-1.036323 -1.860146 -1.14792
-2.090057 -1.167316 -3.328029
-3.090951 -1.809452 -1.765559
-21.30698 -0.9489951 -19.30685
-1.922732 -1.155466 -0.8991198
-0.7777094 -0.7628599 -1.076081
-1.102541 -1.354619 -0.9730132
-1.002582 -1.005266 -1.391589
-1.239874 -1.383934 -1.497625
-1.396531 -1.466306 -1.507527
-0.922367 -1.500849 -1.520252
-1.052684 -1.215846 -1.187004
-1.239525 -1.125937 -1.063694
-32.72871 -1.039957 -1.122441
-1.428523 -1.613754 -1.137809
-0.6824341 -0.7971488 -1.566524
-1.735672 -1.729327 -3.402304
NA NA -1.547131
-2.891222 -2.43784 -1.430688
-1.65471 -1.600031 -3.0672
-1.57442 -1.520621 -1.19466
NA NA -1.116829
-1.102134 -2.480312 -2.940862
-0.840887 -0.6921538 -0.6548958
-0.7924934 -1.441999 -1.570756
-1.123702 -1.19028 -1.709613
-1.554963 -1.360695 -1.018111
-1.618544 -1.576526 -1.132865
-1.555574 -1.459372 -1.630689
NA NA -1.236727
-1.083011 -1.872081 -1.59547
-0.9504567 -1.251756 -1.466604
-1.15298 -0.7981376 -1.006712
-1.264896 -1.404736 -0.7490278
-0.6607136 -0.9891636 -0.921582
-1.03746 -1.090659 -1.430341
-41.70824 -1.023942 -0.9536924
-0.9754513 -1.003349 -0.8103864
-1.056163 -0.986271 -1.001081
-19.27716 -2.385287 -1.590366
-1.152068 -1.558041 -1.202407
-1.060936 -1.143964 -1.086253
-1.060873 -1.442319 -1.881934
-18.35996 -25.59841 -1.264144
-1.176815 -2.826369 -19.17475
-1.770257 -1.245713 -0.9605269
-0.9588654 -0.8370429 -0.8764234
-0.6203885 -0.6843084 -1.019699
-0.9025301 -1.32486 -1.00921
-1.214991 -1.243868 -0.8840526
-0.8904435 NA NA
-1.122253 -1.221694 -1.059863
-18.28243 -1.587459 -1.643373
NA NA -1.266367
-3.81659 -1.040096 -1.323937
-1.543743 -2.856061 -17.40687
-2.22762 -1.042479 -1.332658
-1.460931 -1.400806 -0.9939913
-1.360394 -1.387035 -36.75861
-1.245141 -1.288799 -1.894207
-9.660524 -2.840728 -1.654603
-2.380208 -3.131689 -19.79526
-19.24406 -1.558739 -1.497313
-1.457479 -24.20934 -1.543074
-1.200042 -1.3437 -1.202592
-1.011374 -1.271079 -1.290186
-1.24954 -1.487192 -1.837101
-1.853085 -1.398865 -1.235667
-1.006058 -1.797258 -1.613685
-1.24007 -21.71834 -1.112936
-21.047 -0.9966786 -1.033424
-0.9160474 -0.8927647 -1.180281
-18.92357 -1.578371 -4.065686
-1.433578 -1.534772 -1.157837
-1.396751 -1.680687 -12.115
-1.029012 -1.639855 NA
NA -21.39756 -2.259834
-1.452684 -1.554007 -1.622317
-1.554536 NA NA
-1.944018 -1.827617 NA
NA -1.104951 -1.490113
-0.9727092 -1.076336 -1.132056
-0.971265 -1.529734 -0.9736351
-0.9139041 -0.8689974 -1.22562
-1.226923 -1.032562 -0.9718371
-0.8836926 -1.112425 -1.026301
-0.955821 NA NA
-1.454981 -1.439431 -1.372063
-1.216476 -1.517587 -1.821179
-1.613766 -1.530519 -1.103943
-1.59347 NA NA
