11.72283 -0.4526111 -0.9700149
15.19895 -0.5401695 -0.8234292
8.974468 -0.3025629 -0.9627094
13.96627 -0.334833 -1.324721
10.5525 -0.4036429 -0.8889216
-10.10776 -0.6122552 -1.628093
13.50166 -0.09749964 -1.416572
0.3934792 -0.2897265 -1.49964
-1.141161 -0.204058 -1.507726
11.72503 -0.2443598 -1.628511
-3.238244 -0.5358244 -1.548723
12.87323 -0.3673892 -1.793268
13.58841 -0.2895294 -1.055944
11.46411 -0.06971475 -1.398361
13.12227 -0.08828496 -1.290136
14.79615 -0.3219282 -0.8880548
12.88483 -0.2360178 -1.222483
-0.09776926 0.001732467 -2.370655
11.94472 -0.3856559 -0.9704539
-0.7512245 -0.1573726 -2.001412
-0.6104083 -0.2179503 -1.350254
-1.590128 -0.255119 -1.491929
-12.63073 -0.7708175 -1.554495
11.2939 -0.4370293 -0.7942184
-0.4600533 -0.3706701 -1.635722
-0.8809383 -0.4128841 -1.153907
-0.4641772 -0.1074343 -1.301338
9.062293 -0.3182674 -1.27636
-11.27648 0.03742695 -3.053039
1.699335 -0.3196874 -0.9533236
7.985566 -0.3340996 -0.9806781
1.59508 -0.2176313 -1.634541
11.69959 -0.1659103 -1.47485
65.69573 -0.2232682 -23.71263
-0.5103471 -0.3106542 -1.550291
-0.1838155 -0.01526114 -1.30368
15.20751 -0.1899002 -0.9828127
-1.389811 -0.4397747 -1.531221
-1.557641 -0.353256 -1.712355
-14.09852 0.05447988 -2.104712
3.369263 -0.3728522 -0.9264311
12.45983 -0.2838555 -1.07833
-0.3296813 0.03124644 -1.932396
14.23953 -0.1695869 -1.155174
0.7948619 -0.344357 -1.066067
10.71815 -0.3416635 -0.9328539
-0.1792736 -0.3706652 -1.186691
10.56655 -0.2005056 -1.149299
-0.9301297 -0.3922213 -1.540447
-2.040304 -0.05344249 -18.3853
0.761024 -0.2101121 -1.094441
12.08846 -0.3361464 -0.9201144
-1.260313 -0.1891335 -1.576882
-1.575967 -0.1799156 -2.581291
-0.5999881 -0.1493176 -1.46193
14.16244 -0.1567915 -1.290953
-0.6364764 -0.246913 -1.109057
-2.243977 -1.109073 -1.466998
-3.744516 -0.5298949 -1.654352
0.2619509 -0.1261703 -1.560463
-12.08588 -0.7345179 -1.604447
11.84468 -0.4635381 -0.8597765
12.4845 -0.3442618 -0.9141291
0.2967406 -0.3206498 -0.8086252
13.41439 -0.6094772 -0.7274841
-2.112952 -0.1701379 -1.351961
15.89037 -0.3846291 -1.122791
-0.08338118 -0.1649067 -1.762192
-2.112915 -0.7992522 -1.522451
12.46068 -0.3068309 -1.18216
3.223483 -0.1879675 -1.19452
-0.1936442 -0.3529026 -1.421318
0.02999822 -0.2973138 -1.256285
11.99147 -0.1562632 -1.040372
12.61587 -0.110466 -1.351099
-2.095932 -0.0732662 -4.408116
-1.46606 -0.3026801 -1.25641
-2.258016 -0.7200255 -1.45742
-13.64474 0.02451472 -4.227134
12.64248 -0.2551181 -1.07387
-1.411358 -0.2156359 -3.922666
-0.8589767 -0.2536668 -1.719977
0.5364864 -0.2319969 -1.270789
12.19506 -0.3088185 -1.093244
0.003307431 -0.1321832 -1.438023
-1.287985 -0.1950909 -1.811408
13.02221 -0.1597265 -1.320543
11.2871 -0.3456972 -1.161536
-0.4256942 -0.3155169 -1.111826
-1.267503 -0.1553518 -1.628145
12.76247 -0.2254071 -1.317685
-1.177348 -0.2580983 -2.090057
-0.9096782 -0.6222132 -1.809452
-1.816998 -0.2778777 -18.85535
13.24733 -0.3607515 -0.7777094
0.5941002 -0.3334795 -1.076081
0.01583981 -0.3355624 -1.002582
-1.287434 -0.4526433 -1.396531
-0.8550036 -0.4636899 -1.500849
12.72179 -0.2443951 -1.052684
2.39072 -0.2622336 -1.125937
-1.054454 -0.07106577 -1.613754
10.61241 -0.1705185 -1.566524
-2.129159 -0.3173702 -2.43784
-16.33529 -0.7454061 -1.65471
-0.6913449 -0.3303018 -1.520621
-15.1275 -0.3982872 -2.480312
11.69378 -0.5871393 -0.6548958
-0.7622748 -0.1977629 -1.441999
-2.475784 -0.2524432 -1.333402
-1.314584 -0.3656884 -1.709613
-0.9950152 -0.2527249 -1.618544
0.554492 -0.180053 -1.459372
13.84432 -0.2480487 -1.236727
1.233186 -0.2946435 -0.9504567
11.88712 -0.08372663 -1.264896
1.275417 -0.2321717 -0.9891636
9.977617 -0.2283288 -1.03746
13.98093 -0.2575768 -1.023942
11.98642 -0.3048051 -0.986271
-2.184529 -0.4420428 -1.590366
11.15858 -0.09255475 -1.558041
-0.103767 -0.2823836 -1.086253
-0.536186 -0.1487265 -1.264144
-0.9099103 -0.05974653 -2.826369
13.48822 -0.393985 -0.9911082
16.29428 -0.2695812 -0.8370429
12.1938 -0.2827867 -1.019699
-1.06134 -0.2367868 -1.214991
3.359257 -0.4147506 -0.8840526
1.717005 -0.449135 -1.122253
1.120095 -0.2268094 -1.040096
-3.026985 -0.248031 -17.40687
0.54528 -0.1112798 -1.460931
0.3193949 -0.1926324 -0.9939913
0.7529389 -0.144862 -1.245141
-0.9351285 0.0478895 -2.840728
-0.9786268 -0.2820174 -1.558739
-0.6237091 -0.4337537 -1.457479
-0.9082049 -0.4372142 -1.011374
-1.477212 -0.1998876 -1.487192
0.8659785 0.03242184 -1.853085
-0.08390904 -0.3530101 -1.797258
0.986974 -0.3666445 -1.033424
13.52029 -0.3739367 -0.9160474
-1.272043 -0.08685099 -1.433578
2.027944 -0.2240258 -1.680687
11.61804 -0.2339778 -1.029012
0.2908184 -0.37864 -1.452684
-0.6706428 -0.23387 -1.622317
-1.853802 -0.1530021 -1.944018
11.15957 -0.2789691 -1.104951
0.4702131 -0.2458314 -1.056208
11.12433 -0.2230607 -1.132056
0.5558861 -0.2497983 -1.22562
13.20139 -0.3656806 -0.8836926
7.369632 -0.2761498 -1.026301
-1.29131 -0.5889638 -1.372063
-12.5503 -0.7150392 -1.613766
11.50117 -0.2581497 -1.103943
-1.05071 -0.5266231 -0.6902443
