"subjID"	"choice"	"outcome"
"1"	104	2	-1
"2"	104	2	-1
"3"	104	1	1
"4"	104	1	1
"5"	104	1	1
"6"	104	1	-1
"7"	104	2	1
"8"	104	1	-1
"9"	104	2	1
"10"	104	2	1
"11"	105	2	1
"12"	105	1	-1
"13"	105	2	1
"14"	105	2	1
"15"	105	2	1
"16"	105	2	-1
"17"	105	2	-1
"18"	105	1	1
"19"	105	1	1
"20"	105	1	1
"21"	106	2	-1
"22"	106	1	1
"23"	106	1	1
"24"	106	1	1
"25"	106	2	-1
"26"	106	1	-1
"27"	106	2	1
"28"	106	2	1
"29"	106	2	1
"30"	106	1	-1
"31"	107	2	1
"32"	107	2	1
"33"	107	2	1
"34"	107	2	1
"35"	107	2	1
"36"	107	2	-1
"37"	107	1	1
"38"	107	1	1
"39"	107	1	1
"40"	107	1	1
"41"	113	1	-1
"42"	113	2	1
"43"	113	2	1
"44"	113	2	1
"45"	113	1	-1
"46"	113	1	1
"47"	113	1	1
"48"	113	2	-1
"49"	113	2	-1
"50"	113	2	-1
"51"	114	1	1
"52"	114	2	-1
"53"	114	1	1
"54"	114	1	1
"55"	114	2	-1
"56"	114	1	-1
"57"	114	1	-1
"58"	114	2	1
"59"	114	1	-1
"60"	114	1	-1
"61"	115	2	-1
"62"	115	1	1
"63"	115	1	1
"64"	115	1	1
"65"	115	1	1
"66"	115	1	-1
"67"	115	2	1
"68"	115	2	1
"69"	115	2	1
"70"	115	1	-1
"71"	117	2	1
"72"	117	2	1
"73"	117	1	-1
"74"	117	2	1
"75"	117	1	-1
"76"	117	2	-1
"77"	117	1	1
"78"	117	2	-1
"79"	117	2	-1
"80"	117	1	1
"81"	118	1	1
"82"	118	1	1
"83"	118	1	1
"84"	118	1	1
"85"	118	1	1
"86"	118	1	-1
"87"	118	2	1
"88"	118	2	1
"89"	118	2	1
"90"	118	2	1
"91"	119	2	1
"92"	119	2	1
"93"	119	2	1
"94"	119	2	1
"95"	119	2	1
"96"	119	2	-1
"97"	119	2	-1
"98"	119	1	1
"99"	119	1	1
"100"	119	1	1
"101"	120	1	1
"102"	120	1	1
"103"	120	1	1
"104"	120	1	1
"105"	120	1	1
"106"	120	1	-1
"107"	120	1	-1
"108"	120	1	-1
"109"	120	1	-1
"110"	120	2	1
"111"	121	1	-1
"112"	121	2	1
"113"	121	2	1
"114"	121	2	1
"115"	121	2	1
"116"	121	2	-1
"117"	121	1	1
"118"	121	2	-1
"119"	121	1	1
"120"	121	1	1
"121"	124	2	-1
"122"	124	1	1
"123"	124	1	1
"124"	124	1	1
"125"	124	1	1
"126"	124	1	-1
"127"	124	1	-1
"128"	124	2	1
"129"	124	2	1
"130"	124	1	-1
"131"	125	2	1
"132"	125	2	1
"133"	125	2	1
"134"	125	2	1
"135"	125	1	-1
"136"	125	1	1
"137"	125	1	1
"138"	125	1	1
"139"	125	1	1
"140"	125	1	1
"141"	126	2	-1
"142"	126	1	1
"143"	126	1	1
"144"	126	1	1
"145"	126	1	1
"146"	126	1	-1
"147"	126	2	1
"148"	126	2	1
"149"	126	2	1
"150"	126	2	1
"151"	128	2	-1
"152"	128	2	-1
"153"	128	1	1
"154"	128	1	1
"155"	128	1	1
"156"	128	1	-1
"157"	128	1	-1
"158"	128	2	1
"159"	128	1	-1
"160"	128	1	-1
"161"	129	2	1
"162"	129	1	-1
"163"	129	2	1
"164"	129	1	-1
"165"	129	1	-1
"166"	129	2	-1
"167"	129	2	-1
"168"	129	2	-1
"169"	129	2	-1
"170"	129	1	1
"171"	130	1	1
"172"	130	2	-1
"173"	130	2	-1
"174"	130	2	-1
"175"	130	1	1
"176"	130	2	1
"177"	130	1	-1
"178"	130	1	-1
"179"	130	2	1
"180"	130	1	-1
"181"	131	1	-1
"182"	131	2	1
"183"	131	2	1
"184"	131	2	1
"185"	131	2	1
"186"	131	2	-1
"187"	131	1	1
"188"	131	2	-1
"189"	131	1	1
"190"	131	1	1
"191"	132	1	1
"192"	132	2	-1
"193"	132	2	-1
"194"	132	2	-1
"195"	132	1	1
"196"	132	1	-1
"197"	132	2	1
"198"	132	1	-1
"199"	132	1	-1
"200"	132	2	1
"201"	133	2	1
"202"	133	2	1
"203"	133	1	-1
"204"	133	1	-1
"205"	133	1	-1
"206"	133	2	-1
"207"	133	1	1
"208"	133	2	-1
"209"	133	2	-1
"210"	133	1	1
"211"	134	2	-1
"212"	134	1	1
"213"	134	1	1
"214"	134	1	1
"215"	134	2	-1
"216"	134	2	1
"217"	134	2	1
"218"	134	2	1
"219"	134	2	1
"220"	134	1	-1
"221"	135	2	1
"222"	135	2	1
"223"	135	2	1
"224"	135	2	1
"225"	135	2	1
"226"	135	2	-1
"227"	135	1	1
"228"	135	2	-1
"229"	135	2	-1
"230"	135	1	1
"231"	136	1	1
"232"	136	2	-1
"233"	136	1	1
"234"	136	1	1
"235"	136	1	1
"236"	136	1	-1
"237"	136	1	-1
"238"	136	2	1
"239"	136	1	-1
"240"	136	2	1
"241"	137	1	-1
"242"	137	2	1
"243"	137	2	1
"244"	137	2	1
"245"	137	2	1
"246"	137	2	-1
"247"	137	1	1
"248"	137	1	1
"249"	137	1	1
"250"	137	2	-1
"251"	139	2	1
"252"	139	2	1
"253"	139	2	1
"254"	139	2	1
"255"	139	2	1
"256"	139	2	-1
"257"	139	2	-1
"258"	139	2	-1
"259"	139	1	1
"260"	139	2	-1
"261"	140	1	1
"262"	140	1	1
"263"	140	1	1
"264"	140	2	-1
"265"	140	1	1
"266"	140	1	-1
"267"	140	2	1
"268"	140	1	-1
"269"	140	1	-1
"270"	140	1	-1
"271"	141	1	-1
"272"	141	1	-1
"273"	141	2	1
"274"	141	2	1
"275"	141	1	-1
"276"	141	2	-1
"277"	141	2	-1
"278"	141	1	1
"279"	141	2	-1
"280"	141	2	-1
"281"	142	1	1
"282"	142	1	1
"283"	142	1	1
"284"	142	1	1
"285"	142	1	1
"286"	142	1	-1
"287"	142	2	1
"288"	142	1	-1
"289"	142	1	-1
"290"	142	2	1
"291"	143	2	1
"292"	143	2	1
"293"	143	1	-1
"294"	143	1	-1
"295"	143	2	1
"296"	143	2	-1
"297"	143	1	1
"298"	143	2	-1
"299"	143	2	-1
"300"	143	2	-1
"301"	144	2	-1
"302"	144	2	-1
"303"	144	1	1
"304"	144	1	1
"305"	144	1	1
"306"	144	1	-1
"307"	144	1	-1
"308"	144	2	1
"309"	144	2	1
"310"	144	2	1
"311"	145	2	1
"312"	145	2	1
"313"	145	2	1
"314"	145	1	-1
"315"	145	1	-1
"316"	145	2	-1
"317"	145	2	-1
"318"	145	2	-1
"319"	145	2	-1
"320"	145	1	1
"321"	146	1	1
"322"	146	1	1
"323"	146	1	1
"324"	146	1	1
"325"	146	1	1
"326"	146	2	1
"327"	146	2	1
"328"	146	1	-1
"329"	146	2	1
"330"	146	1	-1
"331"	148	2	-1
"332"	148	1	1
"333"	148	1	1
"334"	148	2	-1
"335"	148	1	1
"336"	148	1	-1
"337"	148	1	-1
"338"	148	2	1
"339"	148	1	-1
"340"	148	2	1
"341"	149	1	-1
"342"	149	1	-1
"343"	149	2	1
"344"	149	2	1
"345"	149	2	1
"346"	149	2	-1
"347"	149	2	-1
"348"	149	1	1
"349"	149	1	1
"350"	149	1	1
"351"	151	1	-1
"352"	151	1	-1
"353"	151	2	1
"354"	151	2	1
"355"	151	2	1
"356"	151	2	-1
"357"	151	1	1
"358"	151	1	1
"359"	151	1	1
"360"	151	1	1
"361"	152	1	1
"362"	152	1	1
"363"	152	1	1
"364"	152	2	-1
"365"	152	1	1
"366"	152	1	-1
"367"	152	2	1
"368"	152	2	1
"369"	152	2	1
"370"	152	2	1
"371"	154	1	1
"372"	154	1	1
"373"	154	1	1
"374"	154	1	1
"375"	154	2	-1
"376"	154	1	-1
"377"	154	2	1
"378"	154	1	-1
"379"	154	1	-1
"380"	154	2	1
"381"	201	1	-1
"382"	201	2	1
"383"	201	2	1
"384"	201	2	1
"385"	201	1	-1
"386"	201	2	-1
"387"	201	2	-1
"388"	201	2	-1
"389"	201	2	-1
"390"	201	2	-1
"391"	202	1	1
"392"	202	1	1
"393"	202	1	1
"394"	202	1	1
"395"	202	1	1
"396"	202	1	-1
"397"	202	2	1
"398"	202	2	1
"399"	202	2	1
"400"	202	2	1
"401"	203	2	1
"402"	203	2	1
"403"	203	1	-1
"404"	203	2	1
"405"	203	1	-1
"406"	203	2	-1
"407"	203	1	1
"408"	203	2	-1
"409"	203	2	-1
"410"	203	1	1
"411"	204	1	1
"412"	204	1	1
"413"	204	2	-1
"414"	204	2	-1
"415"	204	1	1
"416"	204	2	1
"417"	204	2	1
"418"	204	1	-1
"419"	204	1	-1
"420"	204	1	-1
"421"	205	2	1
"422"	205	1	-1
"423"	205	2	1
"424"	205	1	-1
"425"	205	2	1
"426"	205	2	-1
"427"	205	2	-1
"428"	205	2	-1
"429"	205	2	-1
"430"	205	1	1
"431"	207	2	1
"432"	207	2	1
"433"	207	1	-1
"434"	207	1	-1
"435"	207	1	-1
"436"	207	1	1
"437"	207	1	1
"438"	207	1	1
"439"	207	1	1
"440"	207	1	1
"441"	208	2	-1
"442"	208	2	-1
"443"	208	2	-1
"444"	208	2	-1
"445"	208	1	1
"446"	208	1	-1
"447"	208	2	1
"448"	208	1	-1
"449"	208	1	-1
"450"	208	2	1
"451"	209	1	-1
"452"	209	1	-1
"453"	209	1	-1
"454"	209	2	1
"455"	209	1	-1
"456"	209	1	1
"457"	209	1	1
"458"	209	1	1
"459"	209	1	1
"460"	209	1	1
"461"	210	1	1
"462"	210	2	-1
"463"	210	1	1
"464"	210	1	1
"465"	210	1	1
"466"	210	2	1
"467"	210	2	1
"468"	210	1	-1
"469"	210	2	1
"470"	210	1	-1
"471"	211	2	1
"472"	211	2	1
"473"	211	2	1
"474"	211	2	1
"475"	211	2	1
"476"	211	2	-1
"477"	211	2	-1
"478"	211	1	1
"479"	211	2	-1
"480"	211	2	-1
"481"	212	1	1
"482"	212	1	1
"483"	212	2	-1
"484"	212	2	-1
"485"	212	1	1
"486"	212	2	1
"487"	212	1	-1
"488"	212	1	-1
"489"	212	1	-1
"490"	212	2	1
"491"	215	1	-1
"492"	215	1	-1
"493"	215	2	1
"494"	215	2	1
"495"	215	2	1
"496"	215	1	1
"497"	215	2	-1
"498"	215	1	1
"499"	215	2	-1
"500"	215	2	-1
"501"	217	2	1
"502"	217	2	1
"503"	217	2	1
"504"	217	2	1
"505"	217	2	1
"506"	217	2	-1
"507"	217	1	1
"508"	217	1	1
"509"	217	1	1
"510"	217	1	1
"511"	218	1	1
"512"	218	1	1
"513"	218	1	1
"514"	218	2	-1
"515"	218	1	1
"516"	218	1	-1
"517"	218	1	-1
"518"	218	2	1
"519"	218	2	1
"520"	218	2	1
"521"	219	1	-1
"522"	219	2	1
"523"	219	2	1
"524"	219	1	-1
"525"	219	2	1
"526"	219	2	-1
"527"	219	1	1
"528"	219	2	-1
"529"	219	1	1
"530"	219	2	-1
"531"	220	1	1
"532"	220	1	1
"533"	220	1	1
"534"	220	1	1
"535"	220	1	1
"536"	220	1	-1
"537"	220	1	-1
"538"	220	2	1
"539"	220	2	1
"540"	220	1	-1
"541"	221	2	1
"542"	221	2	1
"543"	221	2	1
"544"	221	2	1
"545"	221	2	1
"546"	221	2	-1
"547"	221	1	1
"548"	221	1	1
"549"	221	2	-1
"550"	221	2	-1
"551"	222	1	1
"552"	222	1	1
"553"	222	1	1
"554"	222	1	1
"555"	222	1	1
"556"	222	1	-1
"557"	222	2	1
"558"	222	2	1
"559"	222	2	1
"560"	222	2	1
"561"	223	2	1
"562"	223	2	1
"563"	223	2	1
"564"	223	1	-1
"565"	223	2	1
"566"	223	2	-1
"567"	223	2	-1
"568"	223	2	-1
"569"	223	1	1
"570"	223	2	-1
"571"	225	2	1
"572"	225	2	1
"573"	225	2	1
"574"	225	2	1
"575"	225	2	1
"576"	225	1	1
"577"	225	1	1
"578"	225	2	-1
"579"	225	2	-1
"580"	225	1	1
"581"	226	2	-1
"582"	226	1	1
"583"	226	1	1
"584"	226	1	1
"585"	226	1	1
"586"	226	1	-1
"587"	226	2	1
"588"	226	2	1
"589"	226	1	-1
"590"	226	1	-1
"591"	228	1	1
"592"	228	2	-1
"593"	228	1	1
"594"	228	1	1
"595"	228	1	1
"596"	228	1	-1
"597"	228	2	1
"598"	228	1	-1
"599"	228	1	-1
"600"	228	1	-1
"601"	229	1	-1
"602"	229	2	1
"603"	229	2	1
"604"	229	2	1
"605"	229	1	-1
"606"	229	2	-1
"607"	229	2	-1
"608"	229	2	-1
"609"	229	1	1
"610"	229	1	1
"611"	230	2	-1
"612"	230	1	1
"613"	230	1	1
"614"	230	1	1
"615"	230	1	1
"616"	230	1	-1
"617"	230	2	1
"618"	230	2	1
"619"	230	2	1
"620"	230	1	-1
"621"	231	2	1
"622"	231	2	1
"623"	231	2	1
"624"	231	2	1
"625"	231	2	1
"626"	231	2	-1
"627"	231	1	1
"628"	231	1	1
"629"	231	1	1
"630"	231	1	1
"631"	232	1	1
"632"	232	2	-1
"633"	232	2	-1
"634"	232	2	-1
"635"	232	2	-1
"636"	232	1	-1
"637"	232	1	-1
"638"	232	1	-1
"639"	232	1	-1
"640"	232	1	-1
"641"	233	1	-1
"642"	233	2	1
"643"	233	1	-1
"644"	233	1	-1
"645"	233	1	-1
"646"	233	2	-1
"647"	233	1	1
"648"	233	1	1
"649"	233	2	-1
"650"	233	1	1
"651"	234	2	-1
"652"	234	1	1
"653"	234	2	-1
"654"	234	1	1
"655"	234	1	1
"656"	234	1	-1
"657"	234	2	1
"658"	234	1	-1
"659"	234	1	-1
"660"	234	2	1
"661"	236	2	-1
"662"	236	1	1
"663"	236	1	1
"664"	236	1	1
"665"	236	1	1
"666"	236	1	-1
"667"	236	2	1
"668"	236	2	1
"669"	236	2	1
"670"	236	2	1
"671"	249	2	1
"672"	249	2	1
"673"	249	2	1
"674"	249	2	1
"675"	249	2	1
"676"	249	2	-1
"677"	249	1	1
"678"	249	2	-1
"679"	249	1	1
"680"	249	1	1
"681"	253	1	-1
"682"	253	1	-1
"683"	253	2	1
"684"	253	2	1
"685"	253	2	1
"686"	253	2	-1
"687"	253	2	-1
"688"	253	1	1
"689"	253	1	1
"690"	253	2	-1
"691"	256	2	-1
"692"	256	2	-1
"693"	256	1	1
"694"	256	2	-1
"695"	256	2	-1
"696"	256	2	1
"697"	256	1	-1
"698"	256	1	-1
"699"	256	1	-1
"700"	256	1	-1
"701"	258	2	-1
"702"	258	1	1
"703"	258	1	1
"704"	258	1	1
"705"	258	1	1
"706"	258	1	-1
"707"	258	1	-1
"708"	258	1	-1
"709"	258	1	-1
"710"	258	1	-1
"711"	259	2	1
"712"	259	2	1
"713"	259	1	-1
"714"	259	1	-1
"715"	259	2	1
"716"	259	2	-1
"717"	259	1	1
"718"	259	2	-1
"719"	259	1	1
"720"	259	1	1
"721"	260	1	1
"722"	260	1	1
"723"	260	2	-1
"724"	260	2	-1
"725"	260	1	1
"726"	260	1	-1
"727"	260	2	1
"728"	260	1	-1
"729"	260	2	1
"730"	260	1	-1
"731"	261	1	-1
"732"	261	1	-1
"733"	261	1	-1
"734"	261	2	1
"735"	261	1	-1
"736"	261	2	-1
"737"	261	2	-1
"738"	261	2	-1
"739"	261	1	1
"740"	261	2	-1
"741"	293	2	1
"742"	293	2	1
"743"	293	2	1
"744"	293	2	1
"745"	293	2	1
"746"	293	2	-1
"747"	293	1	1
"748"	293	2	-1
"749"	293	1	1
"750"	293	1	1
"751"	301	1	-1
"752"	301	2	1
"753"	301	2	1
"754"	301	1	-1
"755"	301	2	1
"756"	301	2	-1
"757"	301	2	-1
"758"	301	2	-1
"759"	301	1	1
"760"	301	1	1
"761"	304	2	-1
"762"	304	1	1
"763"	304	2	-1
"764"	304	2	-1
"765"	304	2	-1
"766"	304	2	1
"767"	304	2	1
"768"	304	1	-1
"769"	304	1	-1
"770"	304	2	1
"771"	307	1	-1
"772"	307	2	1
"773"	307	1	-1
"774"	307	1	-1
"775"	307	1	-1
"776"	307	2	-1
"777"	307	1	1
"778"	307	1	1
"779"	307	1	1
"780"	307	1	1
"781"	308	1	1
"782"	308	1	1
"783"	308	1	1
"784"	308	2	-1
"785"	308	1	1
"786"	308	1	-1
"787"	308	2	1
"788"	308	2	1
"789"	308	1	-1
"790"	308	1	-1
"791"	310	2	-1
"792"	310	1	1
"793"	310	2	-1
"794"	310	2	-1
"795"	310	1	1
"796"	310	1	-1
"797"	310	2	1
"798"	310	2	1
"799"	310	2	1
"800"	310	1	-1
"801"	311	1	-1
"802"	311	2	1
"803"	311	2	1
"804"	311	2	1
"805"	311	2	1
"806"	311	1	1
"807"	311	1	1
"808"	311	1	1
"809"	311	1	1
"810"	311	2	-1
"811"	312	1	1
"812"	312	2	-1
"813"	312	1	1
"814"	312	1	1
"815"	312	2	-1
"816"	312	1	-1
"817"	312	2	1
"818"	312	2	1
"819"	312	2	1
"820"	312	1	-1
"821"	313	1	-1
"822"	313	2	1
"823"	313	1	-1
"824"	313	2	1
"825"	313	1	-1
"826"	313	2	-1
"827"	313	1	1
"828"	313	2	-1
"829"	313	2	-1
"830"	313	1	1
"831"	314	2	-1
"832"	314	2	-1
"833"	314	2	-1
"834"	314	2	-1
"835"	314	1	1
"836"	314	1	-1
"837"	314	2	1
"838"	314	1	-1
"839"	314	2	1
"840"	314	1	-1
"841"	315	2	1
"842"	315	2	1
"843"	315	2	1
"844"	315	2	1
"845"	315	1	-1
"846"	315	2	-1
"847"	315	2	-1
"848"	315	2	-1
"849"	315	2	-1
"850"	315	2	-1
"851"	317	2	1
"852"	317	2	1
"853"	317	1	-1
"854"	317	2	1
"855"	317	2	1
"856"	317	2	-1
"857"	317	1	1
"858"	317	1	1
"859"	317	1	1
"860"	317	1	1
"861"	321	2	1
"862"	321	2	1
"863"	321	2	1
"864"	321	2	1
"865"	321	2	1
"866"	321	2	-1
"867"	321	1	1
"868"	321	1	1
"869"	321	1	1
"870"	321	2	-1
"871"	324	2	-1
"872"	324	2	-1
"873"	324	1	1
"874"	324	1	1
"875"	324	1	1
"876"	324	1	-1
"877"	324	2	1
"878"	324	1	-1
"879"	324	2	1
"880"	324	1	-1
"881"	325	2	1
"882"	325	2	1
"883"	325	2	1
"884"	325	2	1
"885"	325	2	1
"886"	325	2	-1
"887"	325	1	1
"888"	325	1	1
"889"	325	1	1
"890"	325	2	-1
"891"	326	1	1
"892"	326	1	1
"893"	326	1	1
"894"	326	2	-1
"895"	326	2	-1
"896"	326	1	-1
"897"	326	2	1
"898"	326	1	-1
"899"	326	1	-1
"900"	326	1	-1
"901"	329	2	1
"902"	329	1	-1
"903"	329	1	-1
"904"	329	2	1
"905"	329	2	1
"906"	329	2	-1
"907"	329	1	1
"908"	329	2	-1
"909"	329	1	1
"910"	329	1	1
"911"	330	1	1
"912"	330	1	1
"913"	330	1	1
"914"	330	1	1
"915"	330	2	-1
"916"	330	2	1
"917"	330	2	1
"918"	330	1	-1
"919"	330	1	-1
"920"	330	1	-1
"921"	331	2	1
"922"	331	2	1
"923"	331	2	1
"924"	331	1	-1
"925"	331	2	1
"926"	331	1	1
"927"	331	2	-1
"928"	331	2	-1
"929"	331	1	1
"930"	331	1	1
"931"	332	2	1
"932"	332	2	1
"933"	332	2	1
"934"	332	2	1
"935"	332	2	1
"936"	332	2	-1
"937"	332	2	-1
"938"	332	2	-1
"939"	332	1	1
"940"	332	2	-1
"941"	333	2	1
"942"	333	2	1
"943"	333	2	1
"944"	333	2	1
"945"	333	2	1
"946"	333	1	1
"947"	333	2	-1
"948"	333	1	1
"949"	333	1	1
"950"	333	2	-1
"951"	334	1	1
"952"	334	1	1
"953"	334	1	1
"954"	334	1	1
"955"	334	1	1
"956"	334	1	-1
"957"	334	2	1
"958"	334	2	1
"959"	334	2	1
"960"	334	2	1
"961"	335	2	1
"962"	335	2	1
"963"	335	2	1
"964"	335	2	1
"965"	335	2	1
"966"	335	2	-1
"967"	335	1	1
"968"	335	1	1
"969"	335	1	1
"970"	335	1	1
"971"	336	1	1
"972"	336	1	1
"973"	336	1	1
"974"	336	1	1
"975"	336	1	1
"976"	336	1	-1
"977"	336	1	-1
"978"	336	1	-1
"979"	336	1	-1
"980"	336	2	1
"981"	337	2	1
"982"	337	1	-1
"983"	337	2	1
"984"	337	2	1
"985"	337	1	-1
"986"	337	2	-1
"987"	337	2	-1
"988"	337	1	1
"989"	337	2	-1
"990"	337	2	-1
"991"	338	2	-1
"992"	338	1	1
"993"	338	1	1
"994"	338	2	-1
"995"	338	1	1
"996"	338	1	-1
"997"	338	2	1
"998"	338	1	-1
"999"	338	2	1
"1000"	338	1	-1
"1001"	340	2	-1
"1002"	340	2	-1
"1003"	340	1	1
"1004"	340	2	-1
"1005"	340	1	1
"1006"	340	1	-1
"1007"	340	1	-1
"1008"	340	1	-1
"1009"	340	2	1
"1010"	340	1	-1
"1011"	341	1	-1
"1012"	341	2	1
"1013"	341	1	-1
"1014"	341	1	-1
"1015"	341	1	-1
"1016"	341	2	-1
"1017"	341	1	1
"1018"	341	2	-1
"1019"	341	1	1
"1020"	341	1	1
"1021"	343	2	1
"1022"	343	2	1
"1023"	343	2	1
"1024"	343	2	1
"1025"	343	2	1
"1026"	343	2	-1
"1027"	343	1	1
"1028"	343	1	1
"1029"	343	1	1
"1030"	343	1	1
"1031"	346	1	1
"1032"	346	1	1
"1033"	346	1	1
"1034"	346	1	1
"1035"	346	1	1
"1036"	346	1	-1
"1037"	346	2	1
"1038"	346	1	-1
"1039"	346	1	-1
"1040"	346	1	-1
"1041"	347	2	1
"1042"	347	2	1
"1043"	347	2	1
"1044"	347	2	1
"1045"	347	2	1
"1046"	347	2	-1
"1047"	347	1	1
"1048"	347	2	-1
"1049"	347	2	-1
"1050"	347	2	-1
"1051"	348	2	-1
"1052"	348	2	-1
"1053"	348	2	-1
"1054"	348	2	-1
"1055"	348	2	-1
"1056"	348	1	-1
"1057"	348	1	-1
"1058"	348	2	1
"1059"	348	2	1
"1060"	348	2	1
"1061"	353	1	-1
"1062"	353	2	1
"1063"	353	2	1
"1064"	353	2	1
"1065"	353	2	1
"1066"	353	2	-1
"1067"	353	1	1
"1068"	353	1	1
"1069"	353	1	1
"1070"	353	1	1
"1071"	354	2	-1
"1072"	354	2	-1
"1073"	354	1	1
"1074"	354	1	1
"1075"	354	1	1
"1076"	354	1	-1
"1077"	354	2	1
"1078"	354	1	-1
"1079"	354	1	-1
"1080"	354	1	-1
"1081"	355	2	1
"1082"	355	1	-1
"1083"	355	2	1
"1084"	355	2	1
"1085"	355	2	1
"1086"	355	2	-1
"1087"	355	1	1
"1088"	355	1	1
"1089"	355	1	1
"1090"	355	2	-1
"1091"	357	2	1
"1092"	357	1	-1
"1093"	357	2	1
"1094"	357	2	1
"1095"	357	2	1
"1096"	357	2	-1
"1097"	357	2	-1
"1098"	357	2	-1
"1099"	357	2	-1
"1100"	357	1	1
"1101"	358	1	1
"1102"	358	1	1
"1103"	358	1	1
"1104"	358	2	-1
"1105"	358	1	1
"1106"	358	1	-1
"1107"	358	2	1
"1108"	358	1	-1
"1109"	358	2	1
"1110"	358	1	-1
"1111"	359	1	-1
"1112"	359	2	1
"1113"	359	1	-1
"1114"	359	1	-1
"1115"	359	2	1
"1116"	359	1	1
"1117"	359	1	1
"1118"	359	1	1
"1119"	359	2	-1
"1120"	359	1	1
"1121"	360	2	-1
"1122"	360	2	-1
"1123"	360	1	1
"1124"	360	2	-1
"1125"	360	1	1
"1126"	360	1	-1
"1127"	360	2	1
"1128"	360	2	1
"1129"	360	2	1
"1130"	360	2	1
"1131"	362	1	1
"1132"	362	1	1
"1133"	362	1	1
"1134"	362	2	-1
"1135"	362	1	1
"1136"	362	1	-1
"1137"	362	1	-1
"1138"	362	2	1
"1139"	362	2	1
"1140"	362	2	1
"1141"	364	2	-1
"1142"	364	2	-1
"1143"	364	2	-1
"1144"	364	1	1
"1145"	364	1	1
"1146"	364	1	-1
"1147"	364	1	-1
"1148"	364	2	1
"1149"	364	2	1
"1150"	364	1	-1
"1151"	365	1	-1
"1152"	365	2	1
"1153"	365	2	1
"1154"	365	2	1
"1155"	365	2	1
"1156"	365	2	-1
"1157"	365	2	-1
"1158"	365	1	1
"1159"	365	1	1
"1160"	365	1	1
"1161"	366	1	1
"1162"	366	1	1
"1163"	366	1	1
"1164"	366	2	-1
"1165"	366	2	-1
"1166"	366	1	-1
"1167"	366	2	1
"1168"	366	1	-1
"1169"	366	1	-1
"1170"	366	1	-1
"1171"	392	1	1
"1172"	392	2	-1
"1173"	392	1	1
"1174"	392	1	1
"1175"	392	1	1
"1176"	392	1	-1
"1177"	392	2	1
"1178"	392	2	1
"1179"	392	2	1
"1180"	392	2	1
"1181"	155	1	-1
"1182"	155	1	-1
"1183"	155	1	-1
"1184"	155	2	1
"1185"	155	2	1
"1186"	155	2	-1
"1187"	155	1	1
"1188"	155	2	-1
"1189"	155	2	-1
"1190"	155	1	1
"1191"	262	1	1
"1192"	262	1	1
"1193"	262	1	1
"1194"	262	1	1
"1195"	262	1	1
"1196"	262	1	-1
"1197"	262	1	-1
"1198"	262	1	-1
"1199"	262	2	1
"1200"	262	1	-1
"1201"	390	1	1
"1202"	390	1	1
"1203"	390	2	-1
"1204"	390	1	1
"1205"	390	1	1
"1206"	390	1	-1
"1207"	390	2	1
"1208"	390	1	-1
"1209"	390	1	-1
"1210"	390	1	-1
