"subjID" "choice" "outcome"
"1" 104 2 -1
"2" 104 2 -1
"3" 104 1 1
"4" 104 1 1
"5" 104 1 1
"6" 104 1 -1
"7" 104 2 1
"8" 104 1 -1
"9" 104 2 1
"10" 104 2 1
"11" 105 2 1
"12" 105 1 -1
"13" 105 2 1
"14" 105 2 1
"15" 105 2 1
"16" 105 2 -1
"17" 105 2 -1
"18" 105 1 1
"19" 105 1 1
"20" 105 1 1
"21" 106 2 -1
"22" 106 1 1
"23" 106 1 1
"24" 106 1 1
"25" 106 2 -1
"26" 106 1 -1
"27" 106 2 1
"28" 106 2 1
"29" 106 2 1
"30" 106 1 -1
"31" 107 2 1
"32" 107 2 1
"33" 107 2 1
"34" 107 2 1
"35" 107 2 1
"36" 107 2 -1
"37" 107 1 1
"38" 107 1 1
"39" 107 1 1
"40" 107 1 1
"41" 108 2 -1
"42" 108 1 1
"43" 108 1 1
"44" 108 1 1
"45" 108 1 1
"46" 108 1 -1
"47" 108 2 1
"48" 108 2 1
"49" 108 1 -1
"50" 108 0 0
"51" 109 2 1
"52" 109 2 1
"53" 109 2 1
"54" 109 2 1
"55" 109 2 1
"56" 109 2 -1
"57" 109 1 1
"58" 109 0 0
"59" 109 1 1
"60" 109 1 1
"61" 110 2 -1
"62" 110 2 -1
"63" 110 1 1
"64" 110 2 -1
"65" 110 2 -1
"66" 110 2 1
"67" 110 0 0
"68" 110 2 1
"69" 110 2 1
"70" 110 1 -1
"71" 111 1 -1
"72" 111 1 -1
"73" 111 1 -1
"74" 111 2 1
"75" 111 1 -1
"76" 111 1 1
"77" 111 0 0
"78" 111 1 1
"79" 111 1 1
"80" 111 1 1
"81" 112 1 1
"82" 112 0 0
"83" 112 1 1
"84" 112 1 1
"85" 112 1 1
"86" 112 1 -1
"87" 112 2 1
"88" 112 2 1
"89" 112 0 0
"90" 112 1 -1
"91" 113 1 -1
"92" 113 2 1
"93" 113 2 1
"94" 113 2 1
"95" 113 1 -1
"96" 113 1 1
"97" 113 1 1
"98" 113 2 -1
"99" 113 2 -1
"100" 113 2 -1
"101" 114 1 1
"102" 114 2 -1
"103" 114 1 1
"104" 114 1 1
"105" 114 2 -1
"106" 114 1 -1
"107" 114 1 -1
"108" 114 2 1
"109" 114 1 -1
"110" 114 1 -1
"111" 115 2 -1
"112" 115 1 1
"113" 115 1 1
"114" 115 1 1
"115" 115 1 1
"116" 115 1 -1
"117" 115 2 1
"118" 115 2 1
"119" 115 2 1
"120" 115 1 -1
"121" 116 0 0
"122" 116 2 -1
"123" 116 2 -1
"124" 116 1 1
"125" 116 1 1
"126" 116 2 1
"127" 116 2 1
"128" 116 2 1
"129" 116 2 1
"130" 116 2 1
"131" 117 2 1
"132" 117 2 1
"133" 117 1 -1
"134" 117 2 1
"135" 117 1 -1
"136" 117 2 -1
"137" 117 1 1
"138" 117 2 -1
"139" 117 2 -1
"140" 117 1 1
"141" 118 1 1
"142" 118 1 1
"143" 118 1 1
"144" 118 1 1
"145" 118 1 1
"146" 118 1 -1
"147" 118 2 1
"148" 118 2 1
"149" 118 2 1
"150" 118 2 1
"151" 119 2 1
"152" 119 2 1
"153" 119 2 1
"154" 119 2 1
"155" 119 2 1
"156" 119 2 -1
"157" 119 2 -1
"158" 119 1 1
"159" 119 1 1
"160" 119 1 1
"161" 120 1 1
"162" 120 1 1
"163" 120 1 1
"164" 120 1 1
"165" 120 1 1
"166" 120 1 -1
"167" 120 1 -1
"168" 120 1 -1
"169" 120 1 -1
"170" 120 2 1
"171" 121 1 -1
"172" 121 2 1
"173" 121 2 1
"174" 121 2 1
"175" 121 2 1
"176" 121 2 -1
"177" 121 1 1
"178" 121 2 -1
"179" 121 1 1
"180" 121 1 1
"181" 122 2 -1
"182" 122 1 1
"183" 122 1 1
"184" 122 0 0
"185" 122 2 -1
"186" 122 1 -1
"187" 122 1 -1
"188" 122 1 -1
"189" 122 1 -1
"190" 122 0 0
"191" 124 2 -1
"192" 124 1 1
"193" 124 1 1
"194" 124 1 1
"195" 124 1 1
"196" 124 1 -1
"197" 124 1 -1
"198" 124 2 1
"199" 124 2 1
"200" 124 1 -1
"201" 125 2 1
"202" 125 2 1
"203" 125 2 1
"204" 125 2 1
"205" 125 1 -1
"206" 125 1 1
"207" 125 1 1
"208" 125 1 1
"209" 125 1 1
"210" 125 1 1
"211" 126 2 -1
"212" 126 1 1
"213" 126 1 1
"214" 126 1 1
"215" 126 1 1
"216" 126 1 -1
"217" 126 2 1
"218" 126 2 1
"219" 126 2 1
"220" 126 2 1
"221" 127 0 0
"222" 127 1 -1
"223" 127 2 1
"224" 127 1 -1
"225" 127 0 0
"226" 127 0 0
"227" 127 1 1
"228" 127 2 -1
"229" 127 2 -1
"230" 127 0 0
"231" 128 2 -1
"232" 128 2 -1
"233" 128 1 1
"234" 128 1 1
"235" 128 1 1
"236" 128 1 -1
"237" 128 1 -1
"238" 128 2 1
"239" 128 1 -1
"240" 128 1 -1
"241" 129 2 1
"242" 129 1 -1
"243" 129 2 1
"244" 129 1 -1
"245" 129 1 -1
"246" 129 2 -1
"247" 129 2 -1
"248" 129 2 -1
"249" 129 2 -1
"250" 129 1 1
"251" 130 1 1
"252" 130 2 -1
"253" 130 2 -1
"254" 130 2 -1
"255" 130 1 1
"256" 130 2 1
"257" 130 1 -1
"258" 130 1 -1
"259" 130 2 1
"260" 130 1 -1
"261" 131 1 -1
"262" 131 2 1
"263" 131 2 1
"264" 131 2 1
"265" 131 2 1
"266" 131 2 -1
"267" 131 1 1
"268" 131 2 -1
"269" 131 1 1
"270" 131 1 1
"271" 132 1 1
"272" 132 2 -1
"273" 132 2 -1
"274" 132 2 -1
"275" 132 1 1
"276" 132 1 -1
"277" 132 2 1
"278" 132 1 -1
"279" 132 1 -1
"280" 132 2 1
"281" 133 2 1
"282" 133 2 1
"283" 133 1 -1
"284" 133 1 -1
"285" 133 1 -1
"286" 133 2 -1
"287" 133 1 1
"288" 133 2 -1
"289" 133 2 -1
"290" 133 1 1
"291" 134 2 -1
"292" 134 1 1
"293" 134 1 1
"294" 134 1 1
"295" 134 2 -1
"296" 134 2 1
"297" 134 2 1
"298" 134 2 1
"299" 134 2 1
"300" 134 1 -1
"301" 135 2 1
"302" 135 2 1
"303" 135 2 1
"304" 135 2 1
"305" 135 2 1
"306" 135 2 -1
"307" 135 1 1
"308" 135 2 -1
"309" 135 2 -1
"310" 135 1 1
"311" 136 1 1
"312" 136 2 -1
"313" 136 1 1
"314" 136 1 1
"315" 136 1 1
"316" 136 1 -1
"317" 136 1 -1
"318" 136 2 1
"319" 136 1 -1
"320" 136 2 1
"321" 137 1 -1
"322" 137 2 1
"323" 137 2 1
"324" 137 2 1
"325" 137 2 1
"326" 137 2 -1
"327" 137 1 1
"328" 137 1 1
"329" 137 1 1
"330" 137 2 -1
"331" 138 0 0
"332" 138 1 1
"333" 138 1 1
"334" 138 1 1
"335" 138 1 1
"336" 138 1 -1
"337" 138 2 1
"338" 138 2 1
"339" 138 2 1
"340" 138 2 1
"341" 139 2 1
"342" 139 2 1
"343" 139 2 1
"344" 139 2 1
"345" 139 2 1
"346" 139 2 -1
"347" 139 2 -1
"348" 139 2 -1
"349" 139 1 1
"350" 139 2 -1
"351" 140 1 1
"352" 140 1 1
"353" 140 1 1
"354" 140 2 -1
"355" 140 1 1
"356" 140 1 -1
"357" 140 2 1
"358" 140 1 -1
"359" 140 1 -1
"360" 140 1 -1
"361" 141 1 -1
"362" 141 1 -1
"363" 141 2 1
"364" 141 2 1
"365" 141 1 -1
"366" 141 2 -1
"367" 141 2 -1
"368" 141 1 1
"369" 141 2 -1
"370" 141 2 -1
"371" 142 1 1
"372" 142 1 1
"373" 142 1 1
"374" 142 1 1
"375" 142 1 1
"376" 142 1 -1
"377" 142 2 1
"378" 142 1 -1
"379" 142 1 -1
"380" 142 2 1
"381" 143 2 1
"382" 143 2 1
"383" 143 1 -1
"384" 143 1 -1
"385" 143 2 1
"386" 143 2 -1
"387" 143 1 1
"388" 143 2 -1
"389" 143 2 -1
"390" 143 2 -1
"391" 144 2 -1
"392" 144 2 -1
"393" 144 1 1
"394" 144 1 1
"395" 144 1 1
"396" 144 1 -1
"397" 144 1 -1
"398" 144 2 1
"399" 144 2 1
"400" 144 2 1
"401" 145 2 1
"402" 145 2 1
"403" 145 2 1
"404" 145 1 -1
"405" 145 1 -1
"406" 145 2 -1
"407" 145 2 -1
"408" 145 2 -1
"409" 145 2 -1
"410" 145 1 1
"411" 146 1 1
"412" 146 1 1
"413" 146 1 1
"414" 146 1 1
"415" 146 1 1
"416" 146 2 1
"417" 146 2 1
"418" 146 1 -1
"419" 146 2 1
"420" 146 1 -1
"421" 147 2 1
"422" 147 2 1
"423" 147 2 1
"424" 147 1 -1
"425" 147 0 0
"426" 147 1 1
"427" 147 1 1
"428" 147 2 -1
"429" 147 1 1
"430" 147 1 1
"431" 148 2 -1
"432" 148 1 1
"433" 148 1 1
"434" 148 2 -1
"435" 148 1 1
"436" 148 1 -1
"437" 148 1 -1
"438" 148 2 1
"439" 148 1 -1
"440" 148 2 1
"441" 149 1 -1
"442" 149 1 -1
"443" 149 2 1
"444" 149 2 1
"445" 149 2 1
"446" 149 2 -1
"447" 149 2 -1
"448" 149 1 1
"449" 149 1 1
"450" 149 1 1
"451" 150 2 -1
"452" 150 2 -1
"453" 150 0 0
"454" 150 1 1
"455" 150 2 -1
"456" 150 1 -1
"457" 150 2 1
"458" 150 1 -1
"459" 150 0 0
"460" 150 2 1
"461" 151 1 -1
"462" 151 1 -1
"463" 151 2 1
"464" 151 2 1
"465" 151 2 1
"466" 151 2 -1
"467" 151 1 1
"468" 151 1 1
"469" 151 1 1
"470" 151 1 1
"471" 152 1 1
"472" 152 1 1
"473" 152 1 1
"474" 152 2 -1
"475" 152 1 1
"476" 152 1 -1
"477" 152 2 1
"478" 152 2 1
"479" 152 2 1
"480" 152 2 1
"481" 153 1 -1
"482" 153 2 1
"483" 153 1 -1
"484" 153 0 0
"485" 153 2 1
"486" 153 0 0
"487" 153 1 1
"488" 153 1 1
"489" 153 1 1
"490" 153 0 0
"491" 154 1 1
"492" 154 1 1
"493" 154 1 1
"494" 154 1 1
"495" 154 2 -1
"496" 154 1 -1
"497" 154 2 1
"498" 154 1 -1
"499" 154 1 -1
"500" 154 2 1
"501" 201 1 -1
"502" 201 2 1
"503" 201 2 1
"504" 201 2 1
"505" 201 1 -1
"506" 201 2 -1
"507" 201 2 -1
"508" 201 2 -1
"509" 201 2 -1
"510" 201 2 -1
"511" 202 1 1
"512" 202 1 1
"513" 202 1 1
"514" 202 1 1
"515" 202 1 1
"516" 202 1 -1
"517" 202 2 1
"518" 202 2 1
"519" 202 2 1
"520" 202 2 1
"521" 203 2 1
"522" 203 2 1
"523" 203 1 -1
"524" 203 2 1
"525" 203 1 -1
"526" 203 2 -1
"527" 203 1 1
"528" 203 2 -1
"529" 203 2 -1
"530" 203 1 1
"531" 204 1 1
"532" 204 1 1
"533" 204 2 -1
"534" 204 2 -1
"535" 204 1 1
"536" 204 2 1
"537" 204 2 1
"538" 204 1 -1
"539" 204 1 -1
"540" 204 1 -1
"541" 205 2 1
"542" 205 1 -1
"543" 205 2 1
"544" 205 1 -1
"545" 205 2 1
"546" 205 2 -1
"547" 205 2 -1
"548" 205 2 -1
"549" 205 2 -1
"550" 205 1 1
"551" 206 2 -1
"552" 206 1 1
"553" 206 1 1
"554" 206 0 0
"555" 206 1 1
"556" 206 1 -1
"557" 206 2 1
"558" 206 1 -1
"559" 206 1 -1
"560" 206 2 1
"561" 207 2 1
"562" 207 2 1
"563" 207 1 -1
"564" 207 1 -1
"565" 207 1 -1
"566" 207 1 1
"567" 207 1 1
"568" 207 1 1
"569" 207 1 1
"570" 207 1 1
"571" 208 2 -1
"572" 208 2 -1
"573" 208 2 -1
"574" 208 2 -1
"575" 208 1 1
"576" 208 1 -1
"577" 208 2 1
"578" 208 1 -1
"579" 208 1 -1
"580" 208 2 1
"581" 209 1 -1
"582" 209 1 -1
"583" 209 1 -1
"584" 209 2 1
"585" 209 1 -1
"586" 209 1 1
"587" 209 1 1
"588" 209 1 1
"589" 209 1 1
"590" 209 1 1
"591" 210 1 1
"592" 210 2 -1
"593" 210 1 1
"594" 210 1 1
"595" 210 1 1
"596" 210 2 1
"597" 210 2 1
"598" 210 1 -1
"599" 210 2 1
"600" 210 1 -1
"601" 211 2 1
"602" 211 2 1
"603" 211 2 1
"604" 211 2 1
"605" 211 2 1
"606" 211 2 -1
"607" 211 2 -1
"608" 211 1 1
"609" 211 2 -1
"610" 211 2 -1
"611" 212 1 1
"612" 212 1 1
"613" 212 2 -1
"614" 212 2 -1
"615" 212 1 1
"616" 212 2 1
"617" 212 1 -1
"618" 212 1 -1
"619" 212 1 -1
"620" 212 2 1
"621" 213 1 -1
"622" 213 1 -1
"623" 213 1 -1
"624" 213 0 0
"625" 213 1 -1
"626" 213 2 -1
"627" 213 1 1
"628" 213 1 1
"629" 213 1 1
"630" 213 1 1
"631" 214 2 -1
"632" 214 1 1
"633" 214 1 1
"634" 214 1 1
"635" 214 2 -1
"636" 214 1 -1
"637" 214 2 1
"638" 214 1 -1
"639" 214 2 1
"640" 214 0 0
"641" 215 1 -1
"642" 215 1 -1
"643" 215 2 1
"644" 215 2 1
"645" 215 2 1
"646" 215 1 1
"647" 215 2 -1
"648" 215 1 1
"649" 215 2 -1
"650" 215 2 -1
"651" 216 1 -1
"652" 216 2 1
"653" 216 1 -1
"654" 216 1 -1
"655" 216 0 0
"656" 216 1 1
"657" 216 1 1
"658" 216 1 1
"659" 216 2 -1
"660" 216 2 -1
"661" 217 2 1
"662" 217 2 1
"663" 217 2 1
"664" 217 2 1
"665" 217 2 1
"666" 217 2 -1
"667" 217 1 1
"668" 217 1 1
"669" 217 1 1
"670" 217 1 1
"671" 218 1 1
"672" 218 1 1
"673" 218 1 1
"674" 218 2 -1
"675" 218 1 1
"676" 218 1 -1
"677" 218 1 -1
"678" 218 2 1
"679" 218 2 1
"680" 218 2 1
"681" 219 1 -1
"682" 219 2 1
"683" 219 2 1
"684" 219 1 -1
"685" 219 2 1
"686" 219 2 -1
"687" 219 1 1
"688" 219 2 -1
"689" 219 1 1
"690" 219 2 -1
"691" 220 1 1
"692" 220 1 1
"693" 220 1 1
"694" 220 1 1
"695" 220 1 1
"696" 220 1 -1
"697" 220 1 -1
"698" 220 2 1
"699" 220 2 1
"700" 220 1 -1
"701" 221 2 1
"702" 221 2 1
"703" 221 2 1
"704" 221 2 1
"705" 221 2 1
"706" 221 2 -1
"707" 221 1 1
"708" 221 1 1
"709" 221 2 -1
"710" 221 2 -1
"711" 222 1 1
"712" 222 1 1
"713" 222 1 1
"714" 222 1 1
"715" 222 1 1
"716" 222 1 -1
"717" 222 2 1
"718" 222 2 1
"719" 222 2 1
"720" 222 2 1
"721" 223 2 1
"722" 223 2 1
"723" 223 2 1
"724" 223 1 -1
"725" 223 2 1
"726" 223 2 -1
"727" 223 2 -1
"728" 223 2 -1
"729" 223 1 1
"730" 223 2 -1
"731" 225 2 1
"732" 225 2 1
"733" 225 2 1
"734" 225 2 1
"735" 225 2 1
"736" 225 1 1
"737" 225 1 1
"738" 225 2 -1
"739" 225 2 -1
"740" 225 1 1
"741" 226 2 -1
"742" 226 1 1
"743" 226 1 1
"744" 226 1 1
"745" 226 1 1
"746" 226 1 -1
"747" 226 2 1
"748" 226 2 1
"749" 226 1 -1
"750" 226 1 -1
"751" 227 1 -1
"752" 227 2 1
"753" 227 2 1
"754" 227 2 1
"755" 227 0 0
"756" 227 2 -1
"757" 227 1 1
"758" 227 0 0
"759" 227 2 -1
"760" 227 0 0
"761" 228 1 1
"762" 228 2 -1
"763" 228 1 1
"764" 228 1 1
"765" 228 1 1
"766" 228 1 -1
"767" 228 2 1
"768" 228 1 -1
"769" 228 1 -1
"770" 228 1 -1
"771" 229 1 -1
"772" 229 2 1
"773" 229 2 1
"774" 229 2 1
"775" 229 1 -1
"776" 229 2 -1
"777" 229 2 -1
"778" 229 2 -1
"779" 229 1 1
"780" 229 1 1
"781" 230 2 -1
"782" 230 1 1
"783" 230 1 1
"784" 230 1 1
"785" 230 1 1
"786" 230 1 -1
"787" 230 2 1
"788" 230 2 1
"789" 230 2 1
"790" 230 1 -1
"791" 231 2 1
"792" 231 2 1
"793" 231 2 1
"794" 231 2 1
"795" 231 2 1
"796" 231 2 -1
"797" 231 1 1
"798" 231 1 1
"799" 231 1 1
"800" 231 1 1
"801" 232 1 1
"802" 232 2 -1
"803" 232 2 -1
"804" 232 2 -1
"805" 232 2 -1
"806" 232 1 -1
"807" 232 1 -1
"808" 232 1 -1
"809" 232 1 -1
"810" 232 1 -1
"811" 233 1 -1
"812" 233 2 1
"813" 233 1 -1
"814" 233 1 -1
"815" 233 1 -1
"816" 233 2 -1
"817" 233 1 1
"818" 233 1 1
"819" 233 2 -1
"820" 233 1 1
"821" 234 2 -1
"822" 234 1 1
"823" 234 2 -1
"824" 234 1 1
"825" 234 1 1
"826" 234 1 -1
"827" 234 2 1
"828" 234 1 -1
"829" 234 1 -1
"830" 234 2 1
"831" 235 0 0
"832" 235 1 -1
"833" 235 2 1
"834" 235 2 1
"835" 235 1 -1
"836" 235 0 0
"837" 235 2 -1
"838" 235 2 -1
"839" 235 0 0
"840" 235 1 1
"841" 236 2 -1
"842" 236 1 1
"843" 236 1 1
"844" 236 1 1
"845" 236 1 1
"846" 236 1 -1
"847" 236 2 1
"848" 236 2 1
"849" 236 2 1
"850" 236 2 1
"851" 237 2 1
"852" 237 2 1
"853" 237 1 -1
"854" 237 1 -1
"855" 237 2 1
"856" 237 2 -1
"857" 237 1 1
"858" 237 2 -1
"859" 237 0 0
"860" 237 0 0
"861" 238 1 1
"862" 238 1 1
"863" 238 2 -1
"864" 238 2 -1
"865" 238 2 -1
"866" 238 2 1
"867" 238 0 0
"868" 238 1 -1
"869" 238 1 -1
"870" 238 2 1
"871" 239 2 1
"872" 239 2 1
"873" 239 2 1
"874" 239 2 1
"875" 239 2 1
"876" 239 2 -1
"877" 239 2 -1
"878" 239 0 0
"879" 239 0 0
"880" 239 0 0
"881" 249 2 1
"882" 249 2 1
"883" 249 2 1
"884" 249 2 1
"885" 249 2 1
"886" 249 2 -1
"887" 249 1 1
"888" 249 2 -1
"889" 249 1 1
"890" 249 1 1
"891" 250 2 -1
"892" 250 0 0
"893" 250 0 0
"894" 250 0 0
"895" 250 2 -1
"896" 250 1 -1
"897" 250 1 -1
"898" 250 1 -1
"899" 250 1 -1
"900" 250 1 -1
"901" 251 2 1
"902" 251 1 -1
"903" 251 2 1
"904" 251 2 1
"905" 251 1 -1
"906" 251 2 -1
"907" 251 0 0
"908" 251 2 -1
"909" 251 1 1
"910" 251 2 -1
"911" 253 1 -1
"912" 253 1 -1
"913" 253 2 1
"914" 253 2 1
"915" 253 2 1
"916" 253 2 -1
"917" 253 2 -1
"918" 253 1 1
"919" 253 1 1
"920" 253 2 -1
"921" 254 1 -1
"922" 254 1 -1
"923" 254 2 1
"924" 254 2 1
"925" 254 1 -1
"926" 254 2 -1
"927" 254 1 1
"928" 254 0 0
"929" 254 2 -1
"930" 254 2 -1
"931" 255 1 -1
"932" 255 2 1
"933" 255 2 1
"934" 255 1 -1
"935" 255 1 -1
"936" 255 1 1
"937" 255 1 1
"938" 255 2 -1
"939" 255 1 1
"940" 255 0 0
"941" 256 2 -1
"942" 256 2 -1
"943" 256 1 1
"944" 256 2 -1
"945" 256 2 -1
"946" 256 2 1
"947" 256 1 -1
"948" 256 1 -1
"949" 256 1 -1
"950" 256 1 -1
"951" 257 1 -1
"952" 257 0 0
"953" 257 0 0
"954" 257 0 0
"955" 257 1 -1
"956" 257 1 1
"957" 257 2 -1
"958" 257 2 -1
"959" 257 2 -1
"960" 257 1 1
"961" 258 2 -1
"962" 258 1 1
"963" 258 1 1
"964" 258 1 1
"965" 258 1 1
"966" 258 1 -1
"967" 258 1 -1
"968" 258 1 -1
"969" 258 1 -1
"970" 258 1 -1
"971" 259 2 1
"972" 259 2 1
"973" 259 1 -1
"974" 259 1 -1
"975" 259 2 1
"976" 259 2 -1
"977" 259 1 1
"978" 259 2 -1
"979" 259 1 1
"980" 259 1 1
"981" 260 1 1
"982" 260 1 1
"983" 260 2 -1
"984" 260 2 -1
"985" 260 1 1
"986" 260 1 -1
"987" 260 2 1
"988" 260 1 -1
"989" 260 2 1
"990" 260 1 -1
"991" 261 1 -1
"992" 261 1 -1
"993" 261 1 -1
"994" 261 2 1
"995" 261 1 -1
"996" 261 2 -1
"997" 261 2 -1
"998" 261 2 -1
"999" 261 1 1
"1000" 261 2 -1
"1001" 293 2 1
"1002" 293 2 1
"1003" 293 2 1
"1004" 293 2 1
"1005" 293 2 1
"1006" 293 2 -1
"1007" 293 1 1
"1008" 293 2 -1
"1009" 293 1 1
"1010" 293 1 1
"1011" 301 1 -1
"1012" 301 2 1
"1013" 301 2 1
"1014" 301 1 -1
"1015" 301 2 1
"1016" 301 2 -1
"1017" 301 2 -1
"1018" 301 2 -1
"1019" 301 1 1
"1020" 301 1 1
"1021" 302 1 1
"1022" 302 2 -1
"1023" 302 1 1
"1024" 302 0 0
"1025" 302 2 -1
"1026" 302 1 -1
"1027" 302 1 -1
"1028" 302 0 0
"1029" 302 1 -1
"1030" 302 0 0
"1031" 304 2 -1
"1032" 304 1 1
"1033" 304 2 -1
"1034" 304 2 -1
"1035" 304 2 -1
"1036" 304 2 1
"1037" 304 2 1
"1038" 304 1 -1
"1039" 304 1 -1
"1040" 304 2 1
"1041" 305 1 -1
"1042" 305 1 -1
"1043" 305 2 1
"1044" 305 2 1
"1045" 305 1 -1
"1046" 305 2 -1
"1047" 305 2 -1
"1048" 305 2 -1
"1049" 305 2 -1
"1050" 305 0 0
"1051" 306 2 -1
"1052" 306 0 0
"1053" 306 1 1
"1054" 306 1 1
"1055" 306 1 1
"1056" 306 1 -1
"1057" 306 2 1
"1058" 306 2 1
"1059" 306 2 1
"1060" 306 2 1
"1061" 307 1 -1
"1062" 307 2 1
"1063" 307 1 -1
"1064" 307 1 -1
"1065" 307 1 -1
"1066" 307 2 -1
"1067" 307 1 1
"1068" 307 1 1
"1069" 307 1 1
"1070" 307 1 1
"1071" 308 1 1
"1072" 308 1 1
"1073" 308 1 1
"1074" 308 2 -1
"1075" 308 1 1
"1076" 308 1 -1
"1077" 308 2 1
"1078" 308 2 1
"1079" 308 1 -1
"1080" 308 1 -1
"1081" 310 2 -1
"1082" 310 1 1
"1083" 310 2 -1
"1084" 310 2 -1
"1085" 310 1 1
"1086" 310 1 -1
"1087" 310 2 1
"1088" 310 2 1
"1089" 310 2 1
"1090" 310 1 -1
"1091" 311 1 -1
"1092" 311 2 1
"1093" 311 2 1
"1094" 311 2 1
"1095" 311 2 1
"1096" 311 1 1
"1097" 311 1 1
"1098" 311 1 1
"1099" 311 1 1
"1100" 311 2 -1
"1101" 312 1 1
"1102" 312 2 -1
"1103" 312 1 1
"1104" 312 1 1
"1105" 312 2 -1
"1106" 312 1 -1
"1107" 312 2 1
"1108" 312 2 1
"1109" 312 2 1
"1110" 312 1 -1
"1111" 313 1 -1
"1112" 313 2 1
"1113" 313 1 -1
"1114" 313 2 1
"1115" 313 1 -1
"1116" 313 2 -1
"1117" 313 1 1
"1118" 313 2 -1
"1119" 313 2 -1
"1120" 313 1 1
"1121" 314 2 -1
"1122" 314 2 -1
"1123" 314 2 -1
"1124" 314 2 -1
"1125" 314 1 1
"1126" 314 1 -1
"1127" 314 2 1
"1128" 314 1 -1
"1129" 314 2 1
"1130" 314 1 -1
"1131" 315 2 1
"1132" 315 2 1
"1133" 315 2 1
"1134" 315 2 1
"1135" 315 1 -1
"1136" 315 2 -1
"1137" 315 2 -1
"1138" 315 2 -1
"1139" 315 2 -1
"1140" 315 2 -1
"1141" 316 2 -1
"1142" 316 1 1
"1143" 316 2 -1
"1144" 316 0 0
"1145" 316 2 -1
"1146" 316 0 0
"1147" 316 2 1
"1148" 316 2 1
"1149" 316 1 -1
"1150" 316 2 1
"1151" 317 2 1
"1152" 317 2 1
"1153" 317 1 -1
"1154" 317 2 1
"1155" 317 2 1
"1156" 317 2 -1
"1157" 317 1 1
"1158" 317 1 1
"1159" 317 1 1
"1160" 317 1 1
"1161" 318 1 1
"1162" 318 1 1
"1163" 318 1 1
"1164" 318 2 -1
"1165" 318 1 1
"1166" 318 1 -1
"1167" 318 0 0
"1168" 318 1 -1
"1169" 318 1 -1
"1170" 318 1 -1
"1171" 319 2 1
"1172" 319 2 1
"1173" 319 2 1
"1174" 319 1 -1
"1175" 319 2 1
"1176" 319 1 1
"1177" 319 0 0
"1178" 319 2 -1
"1179" 319 1 1
"1180" 319 1 1
"1181" 320 2 -1
"1182" 320 2 -1
"1183" 320 1 1
"1184" 320 1 1
"1185" 320 1 1
"1186" 320 0 0
"1187" 320 1 -1
"1188" 320 2 1
"1189" 320 2 1
"1190" 320 2 1
"1191" 321 2 1
"1192" 321 2 1
"1193" 321 2 1
"1194" 321 2 1
"1195" 321 2 1
"1196" 321 2 -1
"1197" 321 1 1
"1198" 321 1 1
"1199" 321 1 1
"1200" 321 2 -1
"1201" 322 0 0
"1202" 322 2 -1
"1203" 322 1 1
"1204" 322 0 0
"1205" 322 1 1
"1206" 322 1 -1
"1207" 322 2 1
"1208" 322 0 0
"1209" 322 2 1
"1210" 322 2 1
"1211" 323 1 -1
"1212" 323 1 -1
"1213" 323 2 1
"1214" 323 1 -1
"1215" 323 2 1
"1216" 323 1 1
"1217" 323 0 0
"1218" 323 0 0
"1219" 323 1 1
"1220" 323 2 -1
"1221" 324 2 -1
"1222" 324 2 -1
"1223" 324 1 1
"1224" 324 1 1
"1225" 324 1 1
"1226" 324 1 -1
"1227" 324 2 1
"1228" 324 1 -1
"1229" 324 2 1
"1230" 324 1 -1
"1231" 325 2 1
"1232" 325 2 1
"1233" 325 2 1
"1234" 325 2 1
"1235" 325 2 1
"1236" 325 2 -1
"1237" 325 1 1
"1238" 325 1 1
"1239" 325 1 1
"1240" 325 2 -1
"1241" 326 1 1
"1242" 326 1 1
"1243" 326 1 1
"1244" 326 2 -1
"1245" 326 2 -1
"1246" 326 1 -1
"1247" 326 2 1
"1248" 326 1 -1
"1249" 326 1 -1
"1250" 326 1 -1
"1251" 327 2 1
"1252" 327 2 1
"1253" 327 1 -1
"1254" 327 2 1
"1255" 327 1 -1
"1256" 327 0 0
"1257" 327 1 1
"1258" 327 0 0
"1259" 327 2 -1
"1260" 327 2 -1
"1261" 328 2 -1
"1262" 328 1 1
"1263" 328 0 0
"1264" 328 1 1
"1265" 328 1 1
"1266" 328 1 -1
"1267" 328 2 1
"1268" 328 2 1
"1269" 328 2 1
"1270" 328 2 1
"1271" 329 2 1
"1272" 329 1 -1
"1273" 329 1 -1
"1274" 329 2 1
"1275" 329 2 1
"1276" 329 2 -1
"1277" 329 1 1
"1278" 329 2 -1
"1279" 329 1 1
"1280" 329 1 1
"1281" 330 1 1
"1282" 330 1 1
"1283" 330 1 1
"1284" 330 1 1
"1285" 330 2 -1
"1286" 330 2 1
"1287" 330 2 1
"1288" 330 1 -1
"1289" 330 1 -1
"1290" 330 1 -1
"1291" 331 2 1
"1292" 331 2 1
"1293" 331 2 1
"1294" 331 1 -1
"1295" 331 2 1
"1296" 331 1 1
"1297" 331 2 -1
"1298" 331 2 -1
"1299" 331 1 1
"1300" 331 1 1
"1301" 332 2 1
"1302" 332 2 1
"1303" 332 2 1
"1304" 332 2 1
"1305" 332 2 1
"1306" 332 2 -1
"1307" 332 2 -1
"1308" 332 2 -1
"1309" 332 1 1
"1310" 332 2 -1
"1311" 333 2 1
"1312" 333 2 1
"1313" 333 2 1
"1314" 333 2 1
"1315" 333 2 1
"1316" 333 1 1
"1317" 333 2 -1
"1318" 333 1 1
"1319" 333 1 1
"1320" 333 2 -1
"1321" 334 1 1
"1322" 334 1 1
"1323" 334 1 1
"1324" 334 1 1
"1325" 334 1 1
"1326" 334 1 -1
"1327" 334 2 1
"1328" 334 2 1
"1329" 334 2 1
"1330" 334 2 1
"1331" 335 2 1
"1332" 335 2 1
"1333" 335 2 1
"1334" 335 2 1
"1335" 335 2 1
"1336" 335 2 -1
"1337" 335 1 1
"1338" 335 1 1
"1339" 335 1 1
"1340" 335 1 1
"1341" 336 1 1
"1342" 336 1 1
"1343" 336 1 1
"1344" 336 1 1
"1345" 336 1 1
"1346" 336 1 -1
"1347" 336 1 -1
"1348" 336 1 -1
"1349" 336 1 -1
"1350" 336 2 1
"1351" 337 2 1
"1352" 337 1 -1
"1353" 337 2 1
"1354" 337 2 1
"1355" 337 1 -1
"1356" 337 2 -1
"1357" 337 2 -1
"1358" 337 1 1
"1359" 337 2 -1
"1360" 337 2 -1
"1361" 338 2 -1
"1362" 338 1 1
"1363" 338 1 1
"1364" 338 2 -1
"1365" 338 1 1
"1366" 338 1 -1
"1367" 338 2 1
"1368" 338 1 -1
"1369" 338 2 1
"1370" 338 1 -1
"1371" 340 2 -1
"1372" 340 2 -1
"1373" 340 1 1
"1374" 340 2 -1
"1375" 340 1 1
"1376" 340 1 -1
"1377" 340 1 -1
"1378" 340 1 -1
"1379" 340 2 1
"1380" 340 1 -1
"1381" 341 1 -1
"1382" 341 2 1
"1383" 341 1 -1
"1384" 341 1 -1
"1385" 341 1 -1
"1386" 341 2 -1
"1387" 341 1 1
"1388" 341 2 -1
"1389" 341 1 1
"1390" 341 1 1
"1391" 342 1 1
"1392" 342 1 1
"1393" 342 1 1
"1394" 342 1 1
"1395" 342 1 1
"1396" 342 1 -1
"1397" 342 0 0
"1398" 342 2 1
"1399" 342 1 -1
"1400" 342 2 1
"1401" 343 2 1
"1402" 343 2 1
"1403" 343 2 1
"1404" 343 2 1
"1405" 343 2 1
"1406" 343 2 -1
"1407" 343 1 1
"1408" 343 1 1
"1409" 343 1 1
"1410" 343 1 1
"1411" 344 2 -1
"1412" 344 2 -1
"1413" 344 0 0
"1414" 344 2 -1
"1415" 344 1 1
"1416" 344 1 -1
"1417" 344 2 1
"1418" 344 1 -1
"1419" 344 1 -1
"1420" 344 2 1
"1421" 345 0 0
"1422" 345 1 -1
"1423" 345 2 1
"1424" 345 1 -1
"1425" 345 2 1
"1426" 345 2 -1
"1427" 345 1 1
"1428" 345 2 -1
"1429" 345 1 1
"1430" 345 1 1
"1431" 346 1 1
"1432" 346 1 1
"1433" 346 1 1
"1434" 346 1 1
"1435" 346 1 1
"1436" 346 1 -1
"1437" 346 2 1
"1438" 346 1 -1
"1439" 346 1 -1
"1440" 346 1 -1
"1441" 347 2 1
"1442" 347 2 1
"1443" 347 2 1
"1444" 347 2 1
"1445" 347 2 1
"1446" 347 2 -1
"1447" 347 1 1
"1448" 347 2 -1
"1449" 347 2 -1
"1450" 347 2 -1
"1451" 348 2 -1
"1452" 348 2 -1
"1453" 348 2 -1
"1454" 348 2 -1
"1455" 348 2 -1
"1456" 348 1 -1
"1457" 348 1 -1
"1458" 348 2 1
"1459" 348 2 1
"1460" 348 2 1
"1461" 349 2 1
"1462" 349 2 1
"1463" 349 1 -1
"1464" 349 1 -1
"1465" 349 1 -1
"1466" 349 2 -1
"1467" 349 0 0
"1468" 349 2 -1
"1469" 349 2 -1
"1470" 349 0 0
"1471" 350 2 -1
"1472" 350 1 1
"1473" 350 1 1
"1474" 350 1 1
"1475" 350 0 0
"1476" 350 1 -1
"1477" 350 1 -1
"1478" 350 1 -1
"1479" 350 1 -1
"1480" 350 2 1
"1481" 351 1 -1
"1482" 351 1 -1
"1483" 351 2 1
"1484" 351 2 1
"1485" 351 1 -1
"1486" 351 2 -1
"1487" 351 2 -1
"1488" 351 2 -1
"1489" 351 2 -1
"1490" 351 0 0
"1491" 352 2 -1
"1492" 352 1 1
"1493" 352 1 1
"1494" 352 1 1
"1495" 352 1 1
"1496" 352 1 -1
"1497" 352 2 1
"1498" 352 2 1
"1499" 352 2 1
"1500" 352 1 -1
"1501" 352 0 0
"1502" 352 2 -1
"1503" 352 1 1
"1504" 352 2 -1
"1505" 352 1 1
"1506" 352 0 0
"1507" 352 1 -1
"1508" 352 1 -1
"1509" 352 1 -1
"1510" 352 2 1
"1511" 353 1 -1
"1512" 353 2 1
"1513" 353 2 1
"1514" 353 2 1
"1515" 353 2 1
"1516" 353 2 -1
"1517" 353 1 1
"1518" 353 1 1
"1519" 353 1 1
"1520" 353 1 1
"1521" 354 2 -1
"1522" 354 2 -1
"1523" 354 1 1
"1524" 354 1 1
"1525" 354 1 1
"1526" 354 1 -1
"1527" 354 2 1
"1528" 354 1 -1
"1529" 354 1 -1
"1530" 354 1 -1
"1531" 355 2 1
"1532" 355 1 -1
"1533" 355 2 1
"1534" 355 2 1
"1535" 355 2 1
"1536" 355 2 -1
"1537" 355 1 1
"1538" 355 1 1
"1539" 355 1 1
"1540" 355 2 -1
"1541" 356 1 1
"1542" 356 1 1
"1543" 356 0 0
"1544" 356 2 -1
"1545" 356 2 -1
"1546" 356 1 -1
"1547" 356 1 -1
"1548" 356 2 1
"1549" 356 0 0
"1550" 356 1 -1
"1551" 357 2 1
"1552" 357 1 -1
"1553" 357 2 1
"1554" 357 2 1
"1555" 357 2 1
"1556" 357 2 -1
"1557" 357 2 -1
"1558" 357 2 -1
"1559" 357 2 -1
"1560" 357 1 1
"1561" 358 1 1
"1562" 358 1 1
"1563" 358 1 1
"1564" 358 2 -1
"1565" 358 1 1
"1566" 358 1 -1
"1567" 358 2 1
"1568" 358 1 -1
"1569" 358 2 1
"1570" 358 1 -1
"1571" 359 1 -1
"1572" 359 2 1
"1573" 359 1 -1
"1574" 359 1 -1
"1575" 359 2 1
"1576" 359 1 1
"1577" 359 1 1
"1578" 359 1 1
"1579" 359 2 -1
"1580" 359 1 1
"1581" 360 2 -1
"1582" 360 2 -1
"1583" 360 1 1
"1584" 360 2 -1
"1585" 360 1 1
"1586" 360 1 -1
"1587" 360 2 1
"1588" 360 2 1
"1589" 360 2 1
"1590" 360 2 1
"1591" 361 2 1
"1592" 361 2 1
"1593" 361 2 1
"1594" 361 2 1
"1595" 361 1 -1
"1596" 361 1 1
"1597" 361 2 -1
"1598" 361 2 -1
"1599" 361 0 0
"1600" 361 2 -1
"1601" 362 1 1
"1602" 362 1 1
"1603" 362 1 1
"1604" 362 2 -1
"1605" 362 1 1
"1606" 362 1 -1
"1607" 362 1 -1
"1608" 362 2 1
"1609" 362 2 1
"1610" 362 2 1
"1611" 363 2 1
"1612" 363 2 1
"1613" 363 0 0
"1614" 363 0 0
"1615" 363 2 1
"1616" 363 1 1
"1617" 363 2 -1
"1618" 363 1 1
"1619" 363 2 -1
"1620" 363 2 -1
"1621" 364 2 -1
"1622" 364 2 -1
"1623" 364 2 -1
"1624" 364 1 1
"1625" 364 1 1
"1626" 364 1 -1
"1627" 364 1 -1
"1628" 364 2 1
"1629" 364 2 1
"1630" 364 1 -1
"1631" 365 1 -1
"1632" 365 2 1
"1633" 365 2 1
"1634" 365 2 1
"1635" 365 2 1
"1636" 365 2 -1
"1637" 365 2 -1
"1638" 365 1 1
"1639" 365 1 1
"1640" 365 1 1
"1641" 366 1 1
"1642" 366 1 1
"1643" 366 1 1
"1644" 366 2 -1
"1645" 366 2 -1
"1646" 366 1 -1
"1647" 366 2 1
"1648" 366 1 -1
"1649" 366 1 -1
"1650" 366 1 -1
"1651" 392 1 1
"1652" 392 2 -1
"1653" 392 1 1
"1654" 392 1 1
"1655" 392 1 1
"1656" 392 1 -1
"1657" 392 2 1
"1658" 392 2 1
"1659" 392 2 1
"1660" 392 2 1
"1661" 396 2 -1
"1662" 396 1 1
"1663" 396 1 1
"1664" 396 2 -1
"1665" 396 1 1
"1666" 396 1 -1
"1667" 396 0 0
"1668" 396 1 -1
"1669" 396 1 -1
"1670" 396 2 1
"1671" 101 2 1
"1672" 101 2 1
"1673" 101 1 -1
"1674" 101 0 0
"1675" 101 2 1
"1676" 101 2 -1
"1677" 101 1 1
"1678" 101 2 -1
"1679" 101 2 -1
"1680" 101 1 1
"1681" 155 1 -1
"1682" 155 1 -1
"1683" 155 1 -1
"1684" 155 2 1
"1685" 155 2 1
"1686" 155 2 -1
"1687" 155 1 1
"1688" 155 2 -1
"1689" 155 2 -1
"1690" 155 1 1
"1691" 262 1 1
"1692" 262 1 1
"1693" 262 1 1
"1694" 262 1 1
"1695" 262 1 1
"1696" 262 1 -1
"1697" 262 1 -1
"1698" 262 1 -1
"1699" 262 2 1
"1700" 262 1 -1
"1701" 390 1 1
"1702" 390 1 1
"1703" 390 2 -1
"1704" 390 1 1
"1705" 390 1 1
"1706" 390 1 -1
"1707" 390 2 1
"1708" 390 1 -1
"1709" 390 1 -1
"1710" 390 1 -1
